Symbol	logFC	AveExpr	t	P.Value	adj.P.Val	B
CLEC4M	-2.38869885261016	0.401967856072195	-35.5642376828054	1.02654533991951e-128	3.80211862999389e-124	282.644954966058
CLEC1B	-2.05675881850742	0.376175558794585	-33.1977791831466	1.88935201425431e-119	3.49889099519756e-115	261.564975811447
CLEC4G	-4.29276883479891	0.967248594315395	-32.6912904180256	1.98928869194238e-117	2.45597581907206e-113	256.960172239098
STAB2	-1.55115095385895	0.324382301946225	-31.6596352103941	2.8875352950379e-113	2.67371330644034e-109	247.480478099134
BMPER	-1.14371940597016	0.25090244993955	-29.566699825732	1.18831626755606e-104	8.80257158354824e-101	227.844709880736
GDF2	-2.59339684336864	0.524484107241182	-28.1655769615209	9.21856895524379e-99	5.69062261607199e-95	214.409649250351
FCN2	-4.37751447223504	1.38209557433894	-25.7149932692171	3.02634665148728e-88	1.60128324682551e-84	190.403700794849
CRHBP	-3.5075683780745	1.10771230341325	-25.0937846744245	1.5327376000084e-85	7.09619190363887e-82	184.226748662915
MARCO	-4.02907638371399	1.24955406155161	-23.9098169302443	2.38134126875944e-80	9.80001310136801e-77	172.367042250473
COLEC10	-2.92567152867656	1.0707266873338	-23.321797026092	9.34861996794741e-78	3.14776533066215e-74	166.439803289557
VIPR1	-1.55344977668702	0.586100952578674	-23.1622837052006	4.74199093465594e-77	1.46361550198156e-73	164.828213357926
NTF3	-1.01771850181527	0.343192688243649	-22.9581015631488	3.79791258933054e-76	1.0820545114125e-72	162.763209179044
INS-IGF2	-1.57191416953256	0.358510430543482	-21.7197792036154	1.19530336985382e-70	3.16226044376041e-67	150.196618999105
FCN3	-4.02234518084613	1.87038818564104	-21.1282313914084	5.14920410433465e-68	1.19197638510217e-64	144.174501339195
ANGPTL6	-1.93424072744147	1.33805719388334	-20.9199086666355	4.36672486428837e-67	9.51380914844192e-64	142.051944843096
CFP	-1.97815505385649	0.977245113146465	-20.8873946058194	6.09652343721015e-67	1.25446130592994e-63	141.720606539043
ADAMTS13	-1.55625155092756	1.17065295600516	-20.4701885517212	4.4164515332842e-65	8.60929115209369e-62	137.468074320643
PTH1R	-2.03496873341216	1.07692533539513	-19.4471170853607	1.60376450642842e-60	2.97001148945479e-57	127.041523279693
CXCL14	-3.15349850722346	1.11406074962099	-18.8564455572355	6.81682511827871e-58	1.14764349423094e-54	121.03128611164
OIT3	-2.57575291321225	2.49175709245616	-18.0465573941206	2.67067314628139e-54	3.80447661507577e-51	112.815272334954
CCL23	-1.02392521085171	0.552858867770066	-17.9339472804102	8.41113321913375e-54	1.15382056359361e-50	111.675994290925
ECM1	-2.29016665650294	1.74095726420131	-17.5066030760395	6.48383155312121e-52	8.57671975230369e-49	107.361222047178
KCNN2	-1.53812695005072	0.538864103621578	-17.0036881916067	1.05583597040325e-49	1.26148557005792e-46	102.30395922577
ASS1P2	-1.10977132575604	0.271579232957216	-16.8888449510675	3.36601940731815e-49	3.77789778206817e-46	101.152681924224
LINC01093	-3.48938798878971	1.7315895579329	-16.6866595954356	2.58247689498571e-48	2.5170994535916e-45	99.129390442317
BCO2	-1.76511199334719	0.901071968616445	-16.4762192664656	2.14221760888063e-47	1.9352062389688e-44	97.028633588388
SMUG1P1	-1.53617171073873	0.512983132971327	-16.2951597966082	1.31664971483629e-46	1.1340947008862e-43	95.2256617834135
DBH	-2.18069258938887	1.38120171163353	-16.1945652723748	3.60408469774358e-46	2.90191497902232e-43	94.2258416737244
ADRA1A	-1.81626640759344	0.904690216480021	-16.1537389813406	5.42139879550637e-46	4.1832868455826e-43	93.8204629419549
LIFR	-1.52287034957424	0.975789826584945	-16.0310495378034	1.84655185591631e-45	1.290426181876e-42	92.6036577803856
LYVE1	-1.9350279351353	1.10353153276799	-15.8775384253325	8.53068077118775e-45	5.44757507591813e-42	91.0842729503428
AADAT	-2.07578217094925	1.69498160793049	-15.8434399606548	1.19785416303535e-44	7.51968177805144e-42	90.7472640921821
PZP	-2.41430930272014	0.746168646021982	-15.7631859830538	2.66112453809086e-44	1.51634970218168e-41	89.9547922183127
HAMP	-4.7569557555679	2.42581074917165	-15.709323331484	4.54446470590788e-44	2.5438129559944e-41	89.4234911390697
MT1H	-4.82931099250606	2.21757201491082	-15.321210186757	2.11877333285365e-42	9.80939083777918e-40	85.6093179784481
DNASE1L3	-2.56766979049017	2.29637125809178	-14.9966879142087	5.15787208898645e-41	1.96945635496784e-38	82.4405654760509
CYP26A1	-1.77084772454417	0.667554772103207	-14.86811309065	1.81704036853366e-40	6.11814010634088e-38	81.1906629384995
CNDP1	-2.01447665546623	0.852496166161491	-14.7892758795922	3.9264378076528e-40	1.25368451310211e-37	80.4258980478874
MT1XP1	-2.03828443758077	1.10800139694232	-14.6314236172835	1.82967117819097e-39	5.42138888782697e-37	78.898475690988
ADGRG7	-1.40085514410161	0.826946185618152	-14.5733572011763	3.21862226058542e-39	9.31338525684084e-37	78.3379258820309
CYP1A2	-5.01855177084043	2.57044890810447	-14.5096503014111	5.97635551155684e-39	1.6769110260382e-36	77.7237582838456
CETP	-1.94271356313718	1.73601493955678	-14.4965515368681	6.78657228010644e-39	1.86193380822654e-36	77.5975885911736
MT1F	-3.88107742737056	2.58604135109527	-14.3732016030958	2.24284130106176e-38	5.46515500715298e-36	76.4113151377802
MT2P1	-2.93348420668797	2.03312988799051	-14.3006120715956	4.52505609035382e-38	1.05231823759583e-35	75.7148052125834
RCAN1	-1.75210274674516	2.86565763186541	-14.1587833664368	1.77706208493318e-37	3.76107574295743e-35	74.3574291824008
CSRNP1	-1.60235060659536	3.2620307673877	-14.1359810780844	2.21322619733609e-37	4.60525123016483e-35	74.1396385775489
CPEB3	-1.20849196682473	1.21732442437429	-14.0253738643356	6.40697514197142e-37	1.24895550162283e-34	73.0849632304316
DIRAS3	-1.31389273136864	0.672727333108415	-13.9183397621565	1.78710587780705e-36	3.26063189666097e-34	72.0671916800109
TIMD4	-1.36749675587149	0.571914731071752	-13.9067923693146	1.99590596646689e-36	3.57122537130439e-34	71.9575585536247
NAT2	-2.8540572354633	2.11466688821098	-13.8612195527715	3.08600145683203e-36	5.29163527584003e-34	71.5252073967672
FOSB	-2.65651862580241	1.71127406307264	-13.7957166322378	5.76798140344454e-36	9.36993400091136e-34	70.9046971174443
MT1M	-4.0181165870038	2.36022540956053	-13.5967386247392	3.83026523939012e-35	5.35340995986911e-33	69.0265678737713
ESR1	-1.1083778286269	0.622867816716353	-13.1674520719115	2.19487206792576e-33	2.40513821455132e-31	65.011130015111
CD5L	-2.88559699229688	1.86880586962059	-13.1333890262468	3.01965393975777e-33	3.21384892588358e-31	64.6947498858974
CXCL12	-2.45755240957918	2.70253531873427	-12.8156829157651	5.82154388660864e-32	5.01438005749328e-30	61.7605496588988
LCAT	-2.51897615044639	3.82946693130119	-12.6081984221223	3.95416713135534e-31	2.90008796457701e-29	59.8611683991116
IGFALS	-3.30446439713427	2.64424292197318	-12.5921123847566	4.58472684789942e-31	3.35591132396243e-29	59.7144871897457
RND3	-1.82938711994277	3.1834346718494	-12.5338353614524	7.83084029723408e-31	5.50357994172592e-29	59.1837916137946
MT1G	-5.42866048102298	4.90498771753333	-12.4979355923966	1.08840857904722e-30	7.49302545552989e-29	58.8574273952224
TTC36	-3.4917150840441	2.75653236190785	-12.4427354585197	1.80421901274746e-30	1.19757461996668e-28	58.3564361878702
NPY1R	-1.05950622271606	0.630375307350986	-12.3685540948189	3.55283805427509e-30	2.23792543969797e-28	57.6847777605972
CLTRN	-2.05274057543387	1.63997046665512	-12.1646931278261	2.26553579369497e-29	1.27330674851099e-27	55.848634168708
FOS	-2.81532420810817	3.84618716684785	-12.1485820050533	2.62116504377815e-29	1.45333399538106e-27	55.7041391215963
FAM180A	-1.23499347767978	0.630603310383693	-12.1240680841598	3.27166734679953e-29	1.77157916945557e-27	55.4844577227904
KDM8	-1.92275926986492	2.15305550665006	-12.0990489863485	4.10141782881272e-29	2.18807886516761e-27	55.2604683168024
LPA	-1.88115769697049	1.96448635398693	-12.0843791752948	4.68218069313233e-29	2.47035054860734e-27	55.1292366956476
CYP2C19	-1.17699850725651	0.407204108370692	-12.0189334460754	8.44563104910598e-29	4.21575852825859e-27	54.5447156892195
CYP39A1	-2.35816459934676	2.02133582167876	-11.9077439399748	2.29275740855502e-28	1.06682347861885e-26	53.5551861430458
APOF	-3.39395787853535	4.40071856113669	-11.7051418926125	1.39842043786228e-27	5.78711689134559e-26	51.7638664795271
INMT	-1.80410608899584	1.55476910456984	-11.7021596972697	1.43597644490688e-27	5.92928601632785e-26	51.7376144190083
GSTZ1	-1.47948921543812	2.29340133423674	-11.6957418719869	1.52023772407389e-27	6.24241295169056e-26	51.681130218124
KBTBD11	-1.13690998634785	0.770733547251685	-11.6926571789408	1.56247072765743e-27	6.40872544972046e-26	51.6539869709851
GHR	-2.05247858940762	2.80182267240647	-11.4262964742949	1.64233022938174e-26	5.86017601501359e-25	49.3240617057418
PLGLA	-1.68913743548471	1.35318697539702	-11.3307411935582	3.793593493833e-26	1.30582821398315e-24	48.4950355921802
TRIB1	-1.45057755925304	4.39950817767439	-11.1838098031902	1.36469872071607e-25	4.41062052512056e-24	47.2275001608519
MT1E	-4.03684957406072	5.04596307921631	-11.1764495411138	1.45474889304091e-25	4.69346598435969e-24	47.1642386165358
MT2A	-3.13054781582057	7.39581788261487	-11.1409787521975	1.97875822764029e-25	6.26403822524281e-24	46.8596820870913
LINC01612	-1.14840317932557	0.390516170854767	-11.0573591365513	4.07816714767895e-25	1.23707743501829e-23	46.1437947248446
MT1X	-3.51032698126853	5.10370869864074	-11.0178758583831	5.73224343359475e-25	1.69577342087446e-23	45.8067931811714
FITM1	-1.15626765424819	1.10604665909441	-10.915984907883	1.37587447695065e-24	3.87525770930025e-23	44.9401947428149
ACADS	-1.33147779260451	4.9557038521157	-10.9115105573735	1.42966153400067e-24	4.02063810905976e-23	44.9022419333442
SLC25A47	-4.0104253654001	4.34045516819813	-10.7857727448887	4.18534995742232e-24	1.10647388810141e-22	43.8392550419376
LINC02027	-1.7555132279003	1.11878887611754	-10.7800738390023	4.39344398368533e-24	1.15735688668376e-22	43.7912405124491
CYP2B6	-2.93495478681435	4.0264397550927	-10.6768165734257	1.0557524319844e-23	2.65104803903989e-22	42.9237682467579
C1RL	-1.14937598546438	4.58173628488157	-10.6680874028232	1.13673017366293e-23	2.8466674896638e-22	42.8506517019911
ACSM3	-1.4715446508258	1.85224648134844	-10.659402271029	1.22342193544545e-23	3.05122565947495e-22	42.7779379491066
PHLDA1	-1.76968767707865	2.8974240797619	-10.6191110749371	1.71973437577535e-23	4.1932535753764e-22	42.4410553815133
TCIM	-2.00571521068818	3.97806448158924	-10.608204749194	1.88555055640632e-23	4.56749650151585e-22	42.3499914206809
EGR1	-2.31914272607557	4.59320143185257	-10.5826759637055	2.33842330447337e-23	5.59861165811795e-22	42.1370457278115
DCN	-2.28416050238043	2.09636539794134	-10.5698240414136	2.60578310764356e-23	6.19865091463727e-22	42.0299547389534
ETFDH	-1.19411877100145	3.50149896805531	-10.4605555251187	6.52171666050519e-23	1.48555560683758e-21	41.1225064180618
CPED1	-1.1638006048814	1.27265648835642	-10.45514409887	6.82389698593128e-23	1.54867338581448e-21	41.0777086617667
RETREG1	-1.84877331661501	1.66677023711822	-10.3820818336986	1.25615916243974e-22	2.76608936138187e-21	40.4742043431989
PLGLB2	-1.0023048904807	1.10967777099848	-10.329853661883	1.94014216298727e-22	4.15369857992616e-21	40.0443221461618
ZFP36	-1.56961187517333	5.6874120325631	-10.316204312997	2.17310821068142e-22	4.62306616353925e-21	39.9321880377059
SOCS2	-1.33086539807834	1.60066125396013	-10.2089925936429	5.27952374477298e-22	1.07737190335483e-20	39.0544820517689
MOGAT2	-2.26430160288592	2.30782110709757	-10.1767761048809	6.88621271013822e-22	1.38614970846793e-20	38.7918105373821
MT1P3	-1.02579021158378	0.361257849950423	-10.117120541202	1.12480192747814e-21	2.22307437512995e-20	38.3067422247968
C9	-4.2418987929413	4.76566490554057	-10.1096836268709	1.19561061899384e-21	2.34923215418004e-20	38.2463925700964
GNAO1	-1.05590090155378	0.79742849207277	-10.0639743158633	1.73899091174737e-21	3.35637026520579e-20	37.8760593846242
HAO2	-3.20851365950056	3.53191610162164	-10.0584646067104	1.81919932865511e-21	3.50205326064076e-20	37.8314891593716
CYP2C8	-3.31985734541141	5.79328412795793	-10.0525940064381	1.90870569817813e-21	3.66863734556936e-20	37.7840159213974
MFSD2A	-2.73649838284454	2.47528772448487	-10.0174157902171	2.5443584287123e-21	4.78608163954527e-20	37.4998982996644
PLSCR4	-1.22003282691532	2.25267308735275	-10.0068461623618	2.7735537577766e-21	5.19872895144381e-20	37.4146515647999
GBA3	-2.29141944333646	2.79099582293412	-9.98337631029786	3.35836901753639e-21	6.24434094736511e-20	37.2255586478245
UROC1	-2.79843958641311	2.75926120151778	-9.95750132738173	4.14572207433104e-21	7.62409405109598e-20	37.0174043451641
FOLH1B	-1.210569634949	0.835193273354682	-9.90575506924503	6.31107932797396e-21	1.13691515636916e-19	36.6021255466271
IGFBP3	-1.88870400495126	4.87055360979705	-9.86398757168643	8.85106655284191e-21	1.56704494734301e-19	36.2679070234359
HSD17B13	-3.94425464978262	3.86543705249196	-9.86019034842413	9.12707190405253e-21	1.61052162545163e-19	36.2375656072671
C1R	-1.53868810895444	7.31697842306265	-9.85629819052325	9.41884235572864e-21	1.65726880366497e-19	36.2064731667814
HGF	-1.14787262044957	0.807888736589635	-9.82242654933039	1.23819476868752e-20	2.14500738272444e-19	35.9362131331722
ALDH2	-1.36652446453261	6.04212362551204	-9.76522806996684	1.96257426332676e-20	3.30708942516362e-19	35.4811507306486
SFRP5	-2.22660131931768	1.09706711635032	-9.68971236922016	3.596083534935e-20	5.89083334661312e-19	34.8829207636778
NGFR	-1.52171271713944	1.51211754402881	-9.68930916491488	3.60770218462269e-20	5.90725347100156e-19	34.8797344792745
GLYATL1	-2.10377414684952	3.49146062084748	-9.67594657786893	4.01455926907524e-20	6.5387531313988e-19	34.774185373327
NAAA	-1.01179792606566	2.23217493150328	-9.66301272996378	4.45162500935128e-20	7.22520977635201e-19	34.672110731713
IL1RAP	-1.17889932747636	1.75953021841354	-9.64744213613551	5.0408036524119e-20	8.1174472033927e-19	34.549341690163
SLC22A1	-3.68093984222614	4.84641357895009	-9.56935218660499	9.38458893402012e-20	1.46290574468955e-18	33.9355312773069
GYS2	-2.40716029621375	3.13444111597025	-9.5686674914837	9.43573786996319e-20	1.47026024075598e-18	33.9301634639132
HBB	-1.95886177669709	3.15365740988024	-9.55757026718568	1.03043586245663e-19	1.59754221321342e-18	33.8431987142275
SRPX	-1.4426183764786	1.15911138301515	-9.520822936845	1.37869588256273e-19	2.11358187493206e-18	33.5556861054408
CD4	-1.43820894176622	3.24998628054753	-9.51504785189509	1.44315481825649e-19	2.20783015937976e-18	33.5105663346733
CYP4A22	-2.23033995586428	3.86222490315409	-9.47976122948191	1.90722499111457e-19	2.88561271327212e-18	33.2352611091041
KCND3	-1.25565842758793	1.17803182505735	-9.44085536049844	2.5916947572387e-19	3.86437964648176e-18	32.9324848199737
MT1L	-2.41639005615054	2.76237859094143	-9.40551452187537	3.42186996442715e-19	5.06349259857982e-18	32.658152462039
SRD5A2	-1.88641711915915	1.80212256525755	-9.39422855984621	3.73888406641798e-19	5.48873515862026e-18	32.5706863580278
SLCO1B3	-2.27175964898817	1.7565422423016	-9.38802049611991	3.9255039422175e-19	5.74902392296764e-18	32.5226030644056
CHST4	-1.40512914972654	0.647569771035254	-9.37970953139265	4.18986912134619e-19	6.10721654924912e-18	32.4582645973721
SLC22A10	-1.91882591533542	2.32788760935975	-9.37537229177237	4.33476646995056e-19	6.30353673003647e-18	32.4247030592737
AVPR1A	-1.99776130578682	1.41972908004212	-9.31938381531027	6.71705053474523e-19	9.59822984976442e-18	31.9923753963234
MPC1	-1.15247173018713	5.41992846180748	-9.29957756391298	7.83960716458646e-19	1.11335648068234e-17	31.8398432292333
ASPG	-1.94455718931271	1.92650716021697	-9.28593405339302	8.71914670821355e-19	1.23306512324862e-17	31.7348956342868
CD302	-1.08312772681176	2.66823142910355	-9.28411654584076	8.84346596151386e-19	1.24873920046721e-17	31.7209227843369
DHODH	-1.20850934964002	2.82092975418466	-9.26635785662822	1.01545046004075e-18	1.42517067597534e-17	31.5844901606972
KMO	-1.4213435410707	1.87142513839066	-9.23404744532695	1.30527236283016e-18	1.8099841922315e-17	31.3367045263089
LINC02428	-1.75309249040351	1.88712874951651	-9.16351992594329	2.25357097357183e-18	3.04182805098956e-17	30.7978264693536
ACAA2	-1.27879388784111	5.56033760239363	-9.13547508166779	2.79804810241812e-18	3.7393260981077e-17	30.584308044704
MFAP3L	-1.2480516247257	1.42066518996895	-9.13545003216015	2.79858846156773e-18	3.7393260981077e-17	30.5841175261066
CYP4A11	-2.46832924873826	5.63455555721763	-9.08975024350161	3.97822167000781e-18	5.24174223456952e-17	30.2371206014714
ETS2	-1.13231251095981	5.0870162138908	-9.07654464846989	4.40286920074762e-18	5.78274714387555e-17	30.137067853449
C7	-2.60629818141922	2.8149630048041	-9.0761581001614	4.41595334510163e-18	5.79787593037483e-17	30.1341406224387
ACAA1	-1.11371949538082	4.60107244618746	-9.07456748091132	4.47020028192767e-18	5.85871472194045e-17	30.1220961512012
FBP1	-2.23989844529613	6.57265028433283	-9.05888339906204	5.04172653039763e-18	6.57519250819956e-17	30.0034091385404
LY6E	-2.46405654507303	4.77513958161601	-9.05538905094226	5.17860612006594e-18	6.74183527152907e-17	29.9769849407122
DPT	-1.77944923492176	1.42942173105049	-9.05117671849873	5.3485117302365e-18	6.95081324436841e-17	29.94514046171
HOGA1	-1.38245489352672	2.25659702777382	-8.95482975408106	1.11620915262318e-17	1.41099503736714e-16	29.2195035047419
CYP3A4	-4.53874822331841	5.3152838590538	-8.95158409381029	1.14411612760623e-17	1.44331652364712e-16	29.1951502621776
ASS1	-1.5977901639755	7.58579972313613	-8.89075118494137	1.8155380557998e-17	2.24595519407859e-16	28.7398113216031
FOXO1	-1.01212353763318	2.34380086745465	-8.87207682051941	2.09114681184924e-17	2.57144407759868e-16	28.6004565789562
ALDH8A1	-1.84396317711427	4.42680953615578	-8.83284590826398	2.81223349205337e-17	3.41282778763672e-16	28.3083539427059
ALDH6A1	-1.55145738590111	4.61223347802178	-8.82745607959248	2.92886310456513e-17	3.54855190274398e-16	28.2682919992871
GLS2	-1.42853055205419	1.09245204459946	-8.82133450616979	3.06714305889799e-17	3.70880981441279e-16	28.2228114178112
MASP1	-1.19611562591566	2.98996250371587	-8.82043571314606	3.08798276195613e-17	3.73279065069619e-16	28.2161356049028
NDRG2	-1.08885095121625	4.43185930623509	-8.8191741461584	3.11747052639798e-17	3.76474970188225e-16	28.2067660642236
DUSP6	-1.14583377507149	3.68886705520901	-8.77798482698297	4.24958667976344e-17	5.06097078601537e-16	27.9013626498055
NR4A1	-1.32053189304418	1.82317985813461	-8.77434911572457	4.36719492786832e-17	5.19769170110497e-16	27.8744524438209
FXYD1	-2.09993750337023	2.60481961508981	-8.76752625442653	4.5966642550718e-17	5.45677085510735e-16	27.8239728437297
EPHA2	-1.25424494213837	2.53534232608107	-8.70803289008246	7.1759857597417e-17	8.37379207842826e-16	27.3849546323503
ANXA10	-1.85364115621094	2.63622740037786	-8.6886957011881	8.29020866739554e-17	9.62849635067406e-16	27.2427056607344
FAM99A	-2.08695419116086	1.8904270329968	-8.6864212213458	8.43203368866568e-17	9.7809478158722e-16	27.2259884600317
STEAP4	-1.02706893419086	1.00983757627903	-8.67346319046319	9.28704934514422e-17	1.07391112596145e-15	27.1308061870012
SLC39A14	-1.21962543853926	5.27986295953252	-8.6703183516105	9.50717147342581e-17	1.09765154935394e-15	27.1077208848138
GADD45B	-1.52948018442296	5.46365391593034	-8.6687895391836	9.61603754766814e-17	1.1091834278746e-15	27.0965004407638
NNMT	-3.01421444252605	5.89008118384105	-8.63730665170803	1.21533152040622e-16	1.38290165446407e-15	26.8657435496811
BCKDHB	-1.00193000256307	2.83759873715841	-8.6347294927357	1.23882137819691e-16	1.40876469774815e-15	26.8468799020913
HBA2	-1.63974168775186	2.45847500220923	-8.61492210987357	1.4349991171965e-16	1.61794512337059e-15	26.702029803462
STEAP3	-1.50790013815363	4.23992886481657	-8.60826240826679	1.50763047924564e-16	1.69519179387674e-15	26.65338000249
PCK1	-2.92465024600357	5.56708974537033	-8.59188375385173	1.70209655482464e-16	1.90575127562258e-15	26.5338441172859
C6	-2.13862005056299	5.10741769668201	-8.55494468581552	2.23648592592546e-16	2.47934647484068e-15	26.2648379807218
ACADSB	-1.41582744191735	4.85297329334437	-8.50795369052664	3.16166699920931e-16	3.43709487281228e-15	25.9238060735593
RDH16	-2.51144125738246	4.62089657312437	-8.50008001741683	3.35006534189101e-16	3.6323103083419e-15	25.8667931230503
CCN1	-1.54291137436961	4.03479779971303	-8.4919346850405	3.55664935240675e-16	3.84055914619362e-15	25.807852267338
PLPP3	-1.16981500794448	4.05349089228595	-8.48550658867225	3.72853295721724e-16	4.00746963637296e-15	25.7613657372925
SERPINA11	-2.40010896868834	5.84522856185976	-8.4848389122762	3.74685050095178e-16	4.0248216025015e-15	25.756538677863
IL13RA2	-1.06380474167363	0.541743243428253	-8.4784813487804	3.92578859793765e-16	4.20849082750838e-15	25.710589222335
MS4A6A	-1.12158333543692	1.99626936143645	-8.46929430531208	4.19939055663632e-16	4.49399096898861e-15	25.6442326106189
ACSL1	-1.67471350036203	5.93173081544886	-8.46211487870824	4.42625677830483e-16	4.71768916704616e-15	25.5924121073467
GLYAT	-2.53520758439312	3.59597022473422	-8.3975827429723	7.09302348183003e-16	7.40658031350495e-15	25.1280231108075
AGXT2	-1.6105084803879	2.98286364587902	-8.35340727778672	9.78145465503818e-16	1.00999586705688e-14	24.8115836205519
PBLD	-1.46336352362618	3.87053528079223	-8.30762341380783	1.3630825558049e-15	1.38926394336548e-14	24.484880764501
SLC7A2	-1.63415242808047	4.01987418697362	-8.30377967368383	1.40151141179266e-15	1.42725267170681e-14	24.4575112170619
KLKB1	-1.4623557661235	4.5408880480604	-8.27590851760199	1.71409039823035e-15	1.72980986178621e-14	24.2593250101032
CD1D	-1.11447142055799	1.58813685850118	-8.26026635969874	1.91874372787304e-15	1.9285327053721e-14	24.1483064175512
TMEM82	-1.92644828810866	2.76375453642123	-8.25736791439562	1.95923428733858e-15	1.96762797002295e-14	24.1277515856208
ADH4	-3.42860927895839	6.48190364136815	-8.24850758600007	2.08832052307664e-15	2.09103042805387e-14	24.0649492007142
CDHR2	-1.94362099812779	1.89838702758668	-8.22303378371783	2.50813980490422e-15	2.49119018755813e-14	23.8846603687336
GNE	-1.11893404435847	3.66026188519412	-8.22097492107437	2.54550582039241e-15	2.52762585993818e-14	23.8701064905684
AKR1D1	-2.30205239986205	3.46140107000563	-8.20654493054536	2.82328800213589e-15	2.79297385211295e-14	23.7681762685185
CD163	-1.27038108557456	2.23957013214185	-8.11831105526321	5.30392933783134e-15	5.1198054421318e-14	23.1477338360226
BCHE	-1.96627560297538	3.17290576444665	-8.1092611994985	5.65676030032292e-15	5.44619412537978e-14	23.0843725477064
ZG16	-1.37340630958095	1.79319318911492	-8.10887184044142	5.67244982598752e-15	5.45846185125814e-14	23.0816476592554
SHBG	-2.05199158560939	3.05022294289379	-8.1058631523898	5.79514552602655e-15	5.57218587728378e-14	23.060594883864
C8A	-1.89983805991839	5.99116102710385	-8.05466650327059	8.33368153303812e-15	7.88773672056165e-14	22.7032287857899
EPB41L4B	-1.06608634392541	2.65885166242593	-8.02467701095543	1.03021695113516e-14	9.66737689798052e-14	22.4946631193514
ID1	-1.5391973207734	3.89471045082484	-8.02144994931141	1.05395951649403e-14	9.8751714070088e-14	22.4722540750331
IL33	-1.11461845209828	1.62044047762375	-8.02056370798661	1.06057392928154e-14	9.93021117629929e-14	22.4661010814593
SLC38A2	-1.07471413682215	4.80600346639956	-7.97368225927387	1.47559305630431e-14	1.36223867446159e-13	22.1413244118854
HGFAC	-2.70389949421201	3.46999152186332	-7.96345887724506	1.5854927924743e-14	1.45752003096707e-13	22.0706866880749
EPHX2	-1.26103446897864	4.41570871020136	-7.93971927001446	1.87283120353642e-14	1.71062693259142e-13	21.9069171432153
VSIG4	-1.27224898179772	1.93904872625209	-7.92311186815548	2.10382757332353e-14	1.91265502358265e-13	21.7925641319819
ACSM5	-1.9853257389856	3.82963757753389	-7.90465094763794	2.39370671441781e-14	2.16186562517939e-13	21.6656560628407
SKAP1	-1.09216557830892	1.71514440449047	-7.89591454384486	2.54430164753013e-14	2.2912364500272e-13	21.6056747140128
IGHA1	-2.79714179042403	4.68747120129488	-7.84974393739658	3.50960318962048e-14	3.11350138771649e-13	21.2894987696992
C1QTNF1	-1.51126051418101	2.18324554296754	-7.84309936908617	3.67547165594796e-14	3.25208120384617e-13	21.2441101229593
UGT2B7	-2.28763136147482	6.0523960306931	-7.84180575147752	3.70865254231671e-14	3.27985902540139e-13	21.2352768208847
JCHAIN	-2.08159100318871	2.3604967382096	-7.83757708882356	3.81919248491851e-14	3.37199645426488e-13	21.2064094975953
TMEM220	-1.07596884240359	3.33368206821747	-7.83077596347813	4.00383570307096e-14	3.53081111357958e-13	21.1600053295011
GCH1	-1.18209687671772	3.45972283195742	-7.79969033390531	4.9663130648976e-14	4.33826187022824e-13	20.9482895967418
MT1DP	-1.61824361869375	1.9077381770312	-7.78938753837422	5.33314525438446e-14	4.64337174263967e-13	20.8782585962014
F9	-2.43292217086432	5.23864956411736	-7.78138396757434	5.63645026483468e-14	4.89823662386079e-13	20.8239037560289
THRSP	-3.00614094389048	3.48906330540158	-7.76328558866363	6.38648050131298e-14	5.50995725151713e-13	20.701145749924
IL1RN	-1.44306738360981	3.66164083925865	-7.74369369474749	7.30958113801094e-14	6.26550025895972e-13	20.568498535077
ATF3	-1.14459897532777	3.0794396613582	-7.7286704078333	8.10548752382679e-14	6.9252836656862e-13	20.4669532127207
ALPL	-1.68511457447551	3.33443331007283	-7.72792920346311	8.14689448663626e-14	6.95745164851358e-13	20.461947094207
BBOX1	-1.70505046479897	1.98607528583735	-7.71441318363845	8.9396166594585e-14	7.60288224645291e-13	20.3707226220621
ENO3	-1.4782881902337	2.32618455264152	-7.70819160237429	9.32963592369307e-14	7.91640447518313e-13	20.3287712185668
FAM99B	-1.18426518469932	1.10271068906614	-7.70631911324478	9.45027080766294e-14	8.01142435738659e-13	20.3161502164031
AFM	-2.10198245721854	5.35172894383138	-7.70580784642797	9.48347565135242e-14	8.03773389415997e-13	20.3127045621255
DUSP1	-1.39145566497251	6.33843228823886	-7.68378642046396	1.10283220062671e-13	9.28123132170237e-13	20.1644554800954
DTX1	-1.34219706793938	1.93029589297244	-7.67830489548626	1.14499327204353e-13	9.61638567119011e-13	20.1276032457719
ATOH8	-1.12912148118091	1.43202322392727	-7.65856431798646	1.310421333117e-13	1.09338556737976e-12	19.9950516453882
MAT1A	-1.65903502131676	7.41459909869385	-7.65300372622499	1.36113173510967e-13	1.13441937905023e-12	19.9577604863158
HP	-2.57240032786161	9.49955289894613	-7.65252247150976	1.3656105084274e-13	1.13789610823698e-12	19.9545339939712
ID2	-1.00210817218262	5.8772045073291	-7.64177544340317	1.46950048290511e-13	1.2219883000862e-12	19.8825222019588
DMGDH	-1.42952431215994	3.70436821873689	-7.61126168756616	1.80885441806358e-13	1.49112730772845e-12	19.678477647677
TDO2	-2.25590786703526	4.34113262553161	-7.59579155318423	2.00932925283195e-13	1.64795254354273e-12	19.5752652195399
CYP2C9	-2.37453602267994	6.00630893543857	-7.48881359335605	4.13863223974168e-13	3.29719640558297e-12	18.8659052622066
RHOB	-1.11874301941434	7.42684834619048	-7.45831123452384	5.07849880627902e-13	4.01488663365981e-12	18.6650528359641
PON3	-1.33145445396948	4.69783929948501	-7.45245321353099	5.2817054031557e-13	4.17108325633435e-12	18.626550598104
MBL2	-1.91290818891395	3.83578881889892	-7.45073669616656	5.34275216993197e-13	4.21569780293865e-12	18.6152730577673
IGHM	-2.24858085216722	3.12045576879603	-7.43107665326575	6.09350779551775e-13	4.78971438307272e-12	18.4862482292635
PLIN2	-1.28421559312287	5.60768345215516	-7.41860746122611	6.62257008330694e-13	5.18138467988007e-12	18.4045509047697
HS3ST3B1	-1.11033158161198	2.43500133506475	-7.38578815177827	8.24110083238881e-13	6.37231508622165e-12	18.19002451459
SAA4	-2.20913058716187	6.13938188248771	-7.37572202836141	8.8114668433116e-13	6.79515425516123e-12	18.1243729204648
TBX15	-1.39921782688437	1.87719003066482	-7.36422526722866	9.51055819517819e-13	7.30965043438493e-12	18.0494749657427
PROZ	-1.49719201101628	3.26670565592205	-7.36240401979542	9.62620632544781e-13	7.39700061995718e-12	18.0376183396622
ABAT	-1.40886590617846	4.47415382142962	-7.35954453809851	9.81058191467262e-13	7.53242812926295e-12	18.0190071924423
GPD1	-1.6762787160804	3.62276572173049	-7.34130441833268	1.10712872612996e-12	8.45249829546848e-12	17.9004211929384
ADH1B	-2.42839313509442	6.83263739741466	-7.34062379398059	1.11212961030447e-12	8.48600257652598e-12	17.8960005857182
SARDH	-1.13327890358338	4.10316223758774	-7.33857873209936	1.12728991466214e-12	8.59636892305052e-12	17.8827199553824
GCGR	-2.01357850289947	2.5227848141526	-7.33711117510695	1.13829434737905e-12	8.67849856694632e-12	17.8731914010499
SERPINE1	-1.86770192649436	4.72189480295673	-7.31837661945763	1.28842220887706e-12	9.77680429674009e-12	17.7516809687273
OLFML3	-1.21382605235956	1.93974312810158	-7.30425234320962	1.41434165971445e-12	1.06863293334361e-11	17.660231074974
CLRN3	-1.93527464016616	2.44077931827848	-7.29434487735659	1.50982205883624e-12	1.13613956552574e-11	17.5961651480692
PEMT	-1.01726493283901	4.79422984324981	-7.28916515479851	1.56223830656992e-12	1.17343707967424e-11	17.5626976321021
SOCS3	-1.51367007840798	3.24303423285737	-7.28432283743444	1.61285853242454e-12	1.20974188586351e-11	17.531426827758
LINC00844	-2.38428484578388	2.9247945140609	-7.26796398754062	1.79610618633121e-12	1.34202503387806e-11	17.4259034515711
CAT	-1.02317050478122	6.46646306873274	-7.22268879388402	2.41697519809766e-12	1.78291032438042e-11	17.1348145235673
ASPDH	-1.78375971068655	4.02139981358145	-7.21038023785104	2.61952409039854e-12	1.92771574131097e-11	17.0559233686466
LINC01767	-1.34486180078934	2.84914874363554	-7.20540937342945	2.7059801724615e-12	1.98857328626248e-11	17.0240925279051
PPP1R3B	-1.18705156292024	3.55984308776528	-7.18907780803789	3.01027262638755e-12	2.20040413530969e-11	16.9196340703501
MT1CP	-1.01240989022599	0.543649758189507	-7.18493526743559	3.09266390789412e-12	2.25617659682061e-11	16.8931673168225
AQP3	-1.19856395334305	4.03120174940824	-7.11354450074858	4.91626688648134e-12	3.53295872994753e-11	16.4389245813466
SPP2	-2.34950560024518	4.9221844023122	-7.05911477041276	6.98394155681779e-12	4.93459037354859e-11	16.0949911895893
HPX	-1.89676974156331	8.66172966247617	-7.05866435632628	7.00420100140962e-12	4.94796102785065e-11	16.0921537533798
C3P1	-1.79185470704954	3.5245602418546	-7.05472835883002	7.18371765994165e-12	5.06704503311596e-11	16.0673645397298
OXT	-1.28203924942277	0.929461094439835	-7.04921878436182	7.44262500720991e-12	5.24566974342609e-11	16.032683098846
CD14	-1.31870504664579	7.10885257382888	-7.04914060589307	7.44636403728841e-12	5.24730652992938e-11	16.0321911377652
BHMT	-2.36652801300305	5.30647133214248	-7.0321093801036	8.30653388268062e-12	5.83236780941658e-11	15.9251195940016
AZGP1	-1.68722854239579	7.62503399143095	-6.98779997429198	1.10288362154906e-11	7.66390310974375e-11	15.6475138835132
SLC27A5	-1.83820963677908	4.97333072610702	-6.98475278515328	1.12453888109629e-11	7.80706112053315e-11	15.6284736973907
LRCOL1	-1.28982811505537	1.40446492927671	-6.97065521484353	1.2302897677911e-11	8.50139410810573e-11	15.5404713566161
MFAP4	-1.67138980379053	2.23286733456567	-6.95279498295669	1.37839202477054e-11	9.48057266730759e-11	15.4291832440196
C8B	-1.4648101460323	6.42187365317105	-6.94300917528935	1.46683052326934e-11	1.00626910392387e-10	15.3683032840452
COLEC11	-1.50798783128921	3.24331616342534	-6.93669003880698	1.52687824330088e-11	1.0453330198776e-10	15.3290264908448
TLCD4	-1.01528315649125	3.65484883261326	-6.93273496665995	1.5656838271802e-11	1.07071265862445e-10	15.304458053024
CFI	-1.05456648975241	6.29699491560365	-6.87061091520604	2.31894980814348e-11	1.55794055857098e-10	14.9200128782575
S100A8	-1.24041382577747	1.60607876914393	-6.85935254565248	2.48932214919295e-11	1.66635665573484e-10	14.850637158779
SCP2	-1.05762050346146	5.26453051692132	-6.853365017486	2.58487983782845e-11	1.72813681287888e-10	14.8137780969467
CYP2A6	-3.3233032025106	5.84024093289568	-6.84587293910972	2.70953697087111e-11	1.80626044505263e-10	14.7676932429769
PGLYRP2	-1.95234241767386	4.60318130363687	-6.83581835974856	2.88615165282518e-11	1.91778408534874e-10	14.7059093252217
ADH1A	-2.00333731813656	6.72343038340891	-6.8249654299155	3.0894865079572e-11	2.05032075401754e-10	14.6393010822933
LINC01018	-1.89978941803208	2.69183837057245	-6.81867639242276	3.21368612808533e-11	2.12931139198613e-10	14.6007417678138
PLG	-1.75329003407375	7.04182670888901	-6.81236380928346	3.34327892456825e-11	2.21043136037413e-10	14.5620666811009
C1S	-1.07316535232068	7.89927615758873	-6.81122604805741	3.36717616865924e-11	2.22503962417129e-10	14.5550990463593
AGTR1	-1.07069241034642	3.19442269525522	-6.80002753134259	3.61152148949419e-11	2.37886418153807e-10	14.4865691808304
CYP8B1	-2.5537777094241	4.76112920885378	-6.79293115288797	3.77528753179537e-11	2.48452557929348e-10	14.4431892875182
ADH6	-1.41982888222068	5.1560236477304	-6.78635846540856	3.933461140376e-11	2.58494559469919e-10	14.4030430665451
CXCL2	-1.54403923326876	3.94538387666093	-6.7793269215807	4.1098835175029e-11	2.69323895472881e-10	14.3601286211895
CYP4F2	-1.72413920355158	4.34046448377873	-6.76681463054709	4.44323250503876e-11	2.89784197079813e-10	14.2838526831618
GGT5	-1.1065394385746	2.00419990029315	-6.76510185462551	4.49088190791514e-11	2.92788741604226e-10	14.2734202597682
JUNB	-1.08278404256224	5.47877792562111	-6.75705040960031	4.72168063743398e-11	3.07133135667861e-10	14.2244077590866
CYP2E1	-3.23171561399163	5.98875658520468	-6.7493774194798	4.95244993250403e-11	3.21748536397271e-10	14.1777426896479
SLC10A1	-2.38521099085519	4.83397099392957	-6.74663063462129	5.0377235582603e-11	3.271164185674e-10	14.1610478333496
C11orf96	-1.20814414686265	2.44632553067528	-6.70758571376959	6.41765263308272e-11	4.12096078751938e-10	13.9243254299741
ADAMTSL2	-1.24683567920628	2.09724690700081	-6.6972104882123	6.84284087317958e-11	4.38334728918757e-10	13.8616083539066
ALB	-1.82752570297915	13.366269774094	-6.67325855703647	7.932815935928e-11	5.04751136634429e-10	13.717120667484
LRG1	-1.4265800401464	6.88982535297665	-6.6610179234447	8.55389621880538e-11	5.4268449495052e-10	13.6434416116338
ORM1	-1.76007526275603	10.754969757085	-6.65838654906453	8.69351381778666e-11	5.51070280306662e-10	13.627617064499
DNAJC12	-1.30196448955921	2.46275069647826	-6.61664120425171	1.12320340651765e-10	7.03393150534381e-10	13.3772458956998
OGDHL	-1.43233302801539	3.49183917683462	-6.61123319567891	1.16100171868704e-10	7.26248634634868e-10	13.3449042224901
IGHA2	-1.70076488342497	2.33585637534894	-6.60024776218664	1.24166429318271e-10	7.74221584021907e-10	13.2792737239058
AKR7A3	-1.782530267662	4.5096566175366	-6.57936051078431	1.41047757397819e-10	8.74623612673768e-10	13.154730905114
LINC01702	-1.73686795530278	2.94083247230632	-6.55556814373163	1.63028383790207e-10	1.00577723854533e-09	13.0132567583138
DUSP5	-1.10133556565276	2.63833867427232	-6.50520549684903	2.2121757608068e-10	1.34517428712465e-09	12.7151673476046
UGT2B10	-1.97795727795201	5.70810019429922	-6.49894908763546	2.29737278825688e-10	1.39514827564287e-09	12.6782674640201
SLC46A3	-1.35184601980626	3.07137132253092	-6.49736796954956	2.31940790426314e-10	1.40783726578332e-09	12.6689467232925
HAAO	-1.09249455562893	5.27493817352603	-6.49053054365425	2.41710617978106e-10	1.46449826086588e-09	12.6286612044342
ADH1C	-2.52616947294623	6.58725602514395	-6.44433418198866	3.19137072506538e-10	1.91265354231346e-09	12.3573852594132
LDHD	-1.1212699704643	4.7912729254001	-6.43527702562124	3.36945230901192e-10	2.01677075987692e-09	12.3043855233537
ORM2	-1.55114125761065	9.30665832309962	-6.43347204080362	3.406087969221e-10	2.03738188313966e-09	12.293830599403
GNMT	-2.04848472699243	4.92069662282377	-6.4234899525787	3.61585182729573e-10	2.1579748627035e-09	12.2355026560084
AMDHD1	-1.2274803087418	4.21012781776427	-6.41636282945498	3.77331376699761e-10	2.24832682274867e-09	12.1939024779665
MRC1	-1.13119649686454	1.97250721785054	-6.39855184668092	4.196778033624e-10	2.49023173356882e-09	12.0901076347601
CA2	-1.24203462520627	4.2967210971414	-6.38368861682692	4.58550836591147e-10	2.71350149954672e-09	12.0036725022952
SLC38A4	-1.43920547932319	5.48789323827318	-6.36086757364138	5.25195460203584e-10	3.08912012942994e-09	11.8712816331151
RIDA	-1.09701723049863	7.01270031530685	-6.30757557985012	7.19948194390431e-10	4.18173557088117e-09	11.5636429904927
CDA	-1.41711831615304	3.59885855745415	-6.2679480691809	9.09021439592686e-10	5.22800249683756e-09	11.3362718890063
CYP2A7	-2.16425534119479	2.36050055011601	-6.26551663407294	9.22086521188255e-10	5.30149651843691e-09	11.3223596410395
TMEM45A	-1.25109722722722	2.14476459807052	-6.25864011019576	9.60039760239289e-10	5.51115199004073e-09	11.2830375752061
VNN1	-1.93760487544269	4.29546769834244	-6.2518132369746	9.99229773528379e-10	5.72458969094263e-09	11.2440348222457
CP	-1.44648103573625	6.12878445082782	-6.24545412503193	1.03714042279201e-09	5.93077149596579e-09	11.2077361898854
PHGDH	-1.34044895992818	3.310234836741	-6.23730935469875	1.08775753635375e-09	6.2048919808209e-09	11.1612895378451
SHMT1	-1.07761463722259	4.74781041892012	-6.22828459821575	1.14666825746156e-09	6.52285346642013e-09	11.1098833832093
THBS1	-1.29279800013532	3.09975862955308	-6.2150544854195	1.23871102062625e-09	7.01734150840551e-09	11.0346346972505
LINC01831	-1.2388071298367	1.58091758763198	-6.2057272271924	1.30790625641817e-09	7.39011928683697e-09	10.9816641103055
IGKV2-24	-1.08125607435405	0.907231057466142	-6.19510362114675	1.39133032553294e-09	7.83043497904407e-09	10.921411979835
APOA5	-1.76044728138657	6.0640621538373	-6.18642444144768	1.46332921746018e-09	8.21318193003334e-09	10.8722514628824
MT1A	-1.80065937923297	3.50628546680824	-6.18273426107412	1.49503409053521e-09	8.38350834901484e-09	10.8513669593556
HAO1	-1.46630310330912	6.12894040735555	-6.1727487888782	1.58423310035970e-09	8.86223011193511e-09	10.7949063951786
NR1I2	-1.12751257125163	2.36260256668376	-6.10496130266056	2.34329468086752e-09	1.29210880437653e-08	10.4136306350772
SLC27A2	-1.29950627857858	5.20328378039328	-6.10343367754298	2.3639650627886e-09	1.30292467255304e-08	10.4050789177732
ERRFI1	-1.11282101945762	5.64203940050668	-6.09455225049013	2.48771779350313e-09	1.3682817290729e-08	10.3553957306298
TAT	-2.40559450689307	5.77439365660581	-6.08182143033622	2.67621706549536e-09	1.46608087075606e-08	10.2842844329701
AOX1	-1.7712557092741	6.13829836240977	-6.03755485025564	3.44673522188684e-09	1.8704788153589e-08	10.0379921922991
ALDOB	-2.09503575289343	9.51559656046978	-6.02929631607891	3.61275430500343e-09	1.95740225302777e-08	9.99221013094388
FGB	-1.69925793301396	10.6093174796592	-6.0103660553929	4.02333078552767e-09	2.16940057700355e-08	9.88746690723404
PHYHD1	-1.18302923993652	2.41321389843417	-6.00280775924497	4.19969754430637e-09	2.25989245454045e-08	9.84572338218074
MT-ND6	-1.03649492483581	10.8578554403318	-5.99611297042744	4.36220520548276e-09	2.3429141009378e-08	9.80878580645914
TACSTD2	-1.03850337313195	1.00307922803389	-5.97369390054878	4.95238005837343e-09	2.64722546690771e-08	9.68534438260594
PCK2	-1.10632392898879	6.17610834433905	-5.9370501147618	6.08883496470045e-09	3.22907029528315e-08	9.48441988019661
SLC1A1	-1.25443876800033	2.79807921471565	-5.92118864529787	6.65631657976627e-09	3.52044343112071e-08	9.39777228571223
EHHADH	-1.17560827722623	5.02412281861178	-5.89759651310307	7.59701552645802e-09	3.99741811434795e-08	9.26925640427901
XDH	-1.17818821821569	2.91452052656	-5.86984163802632	8.87049481949208e-09	4.63785131457295e-08	9.11862052919058
TTR	-1.86138456658213	9.00363152247947	-5.83756870494277	1.06142748968666e-08	5.5075863495397e-08	8.94422125444784
HSD11B1	-2.35760853727991	5.89935259045298	-5.79685200869692	1.32964444588531e-08	6.83896278109988e-08	8.72535850206805
HPGD	-1.65196651102096	2.87222226509944	-5.7954203299635	1.3401888104818e-08	6.88841426070287e-08	8.71768657568121
CFHR3	-1.72064215992561	3.74272305905031	-5.759471674583	1.63335539727743e-08	8.33740589916777e-08	8.52557803891201
PDK4	-1.34306576093073	4.26304676193187	-5.72082365157041	2.01822136907742e-08	1.021605617984e-07	8.3201820100382
ATF5	-1.74260221363044	6.51956064950684	-5.71930302623187	2.03504510290442e-08	1.02984014921948e-07	8.3121247597038
A1BG	-1.24983940122044	4.06706775081388	-5.69795304892775	2.28618475177402e-08	1.14986027751502e-07	8.19919228728805
FETUB	-1.75072945773457	4.45980800418868	-5.67945366055664	2.5280070653313e-08	1.26684245279043e-07	8.10163059279343
UGT1A1	-1.49131921959501	3.2310772614176	-5.67903604366907	2.53374399512394e-08	1.26954559106332e-07	8.09943130977792
ANG	-1.25685125428428	7.5723419589802	-5.67895233929988	2.53489539188136e-08	1.26995070369947e-07	8.09899051669171
GREM2	-1.22425415998972	1.61679911791616	-5.67403214829481	2.60347793164247e-08	1.30307588692127e-07	8.07309022597917
PSAT1	-1.07255845280272	4.86715097810308	-5.67197013790371	2.63275464551153e-08	1.31701737655937e-07	8.06224135404218
GBP7	-1.32386839078627	2.83332012336812	-5.65297343397319	2.91799832061227e-08	1.45440481494869e-07	7.96245290502832
HMOX1	-1.03079755436284	4.28514966816735	-5.64554432694736	3.03754922939126e-08	1.51053636356328e-07	7.92350640772031
HNF4A-AS1	-1.06241494103788	2.35960471139302	-5.64170036829722	3.10126572570924e-08	1.5405670593994e-07	7.90337201969167
BGN	-1.35104047571723	5.86044829434097	-5.61259571677691	3.62777948699529e-08	1.7884426545898e-07	7.75130617562362
GADD45G	-1.16196068142482	5.06608470219834	-5.59806024798756	3.92234838738983e-08	1.92775928306986e-07	7.67561452554571
SLC28A1	-1.33817504117114	2.85657970765349	-5.59423990323368	4.00355414420804e-08	1.9666265038883e-07	7.65574858046788
PRG4	-1.62785201612423	3.95436544614743	-5.58671501892583	4.16831659503381e-08	2.04214431278918e-07	7.61665302453407
UGT1A4	-1.77578179475443	3.29424711526643	-5.56062942814957	4.79215175506162e-08	2.33664713933613e-07	7.48147625185075
FTCD	-1.43550952183366	5.94283133351554	-5.55720681981082	4.88046017347561e-08	2.37688999217869e-07	7.46378060229002
HSD17B6	-1.57786424299198	6.78801138971389	-5.52308868547211	5.85190428072432e-08	2.82585176987571e-07	7.28789631763236
IGFBP1	-1.7065178065973	7.67121124581556	-5.51982539317375	5.95411369461036e-08	2.87296069594813e-07	7.27112255314612
SLC6A12	-1.04713880228352	2.86196784843755	-5.51387461448155	6.14498480953036e-08	2.96218421231768e-07	7.24055680049153
PON1	-1.56305591230545	5.97954602613402	-5.50901838194637	6.30514512935598e-08	3.03680058909086e-07	7.21563422508455
FGG	-1.39816820555388	10.0682135177453	-5.49286500915514	6.86763168147235e-08	3.29102525835649e-07	7.132870479056
INHBC	-1.27971886596071	3.94105145886693	-5.48888528368903	7.01353177959289e-08	3.35573168909135e-07	7.11251216293238
IGLV2-14	-1.69181581655746	2.40143193810637	-5.4737459933445	7.59658603665489e-08	3.62067113145829e-07	7.03518374412837
FGA	-1.36266465668026	10.810208775425	-5.42227809787814	9.95274463583702e-08	4.68636862219847e-07	6.77368129738367
IGHV5-51	-1.55154016800704	1.99929021064828	-5.37598039842414	1.26681528300646e-07	5.89673299635454e-07	6.5402821255896
SLCO1B1	-1.30801117351934	5.17989136775205	-5.35594458380112	1.40548963205588e-07	6.51357920321394e-07	6.4398163427676
ACOT12	-1.13426412230079	3.3630461426093	-5.35334480796576	1.42452965598387e-07	6.59769030865708e-07	6.42680421980035
IGF2	-2.74979017659395	4.64424037070739	-5.35120237671023	1.44040818031324e-07	6.66622993657901e-07	6.41608528851429
LECT2	-1.59765897717134	4.21236222801916	-5.27989563232836	2.07882848326493e-07	9.4670661949055e-07	6.06146379673928
CYP2C18	-1.16317954742195	3.79168466806816	-5.25671147909713	2.34017368987011e-07	1.05998964321156e-06	5.94706107881109
ACSM2A	-1.20756507578084	4.03842821984703	-5.24384830799334	2.49863564392916e-07	1.12872871057261e-06	5.88377769777377
LEAP2	-1.0971599197697	4.89014312255307	-5.23564558887697	2.60506540769281e-07	1.17451506476112e-06	5.84349346735303
SLC39A5	-1.49665072887376	4.38009637811486	-5.22202616968119	2.79155403081627e-07	1.2543197645684e-06	5.77672953928266
ANO1	-1.14682518416613	2.80741249923634	-5.19506473642929	3.1996393086701e-07	1.43091331459216e-06	5.64501182119665
DCXR	-1.12648534646239	7.66089281544163	-5.18058205148951	3.44212974015681e-07	1.53499283066941e-06	5.57450527905069
SLC13A5	-1.34164977681424	4.16488973566359	-5.1614550607728	3.78980223266295e-07	1.68345760486172e-06	5.48165401142278
DPYS	-1.28196612706547	5.31016271460008	-5.13989315938427	4.22254481293886e-07	1.86739838545229e-06	5.37734511965694
SERPINF2	-1.14829652079342	8.47839350025509	-5.13571339722729	4.31179794376285e-07	1.90482314218856e-06	5.35716941309564
CTH	-1.2723151053795	3.92101760627255	-5.13033384585768	4.42936243317769e-07	1.954259761503e-06	5.33122361617696
HRG	-1.95041445614715	7.52550529923878	-5.10256650040278	5.08726680984288e-07	2.22800269720894e-06	5.19768197306828
G0S2	-1.4110841660904	5.51937603847862	-5.08392941858925	5.58087237683931e-07	2.43353368369878e-06	5.10840938293132
FGL1	-1.47188314170617	7.79016437029888	-5.08225240018965	5.62749447282569e-07	2.45299682575636e-06	5.10039052858412
SAA2	-2.20864406392961	4.31675722260968	-5.06180217456185	6.22722734847689e-07	2.7039161375485e-06	5.00279359448207
APOA1	-1.78124583212435	11.3446618865702	-5.05074030009229	6.57693453971867e-07	2.85108264843282e-06	4.95014680635532
IGHV3-15	-1.34662396958133	1.64045462283101	-5.02447473459693	7.48505925599209e-07	3.22437339757426e-06	4.82554961341083
CPS1	-1.85092345154994	5.94016251356571	-4.99439992234439	8.67398026936805e-07	3.71235129670503e-06	4.68358949783237
GC	-1.00101085248144	9.70541010487335	-4.95968314836833	1.02737989918044e-06	4.35777561908441e-06	4.52065904218896
GATM	-1.02496678780241	6.6681666366399	-4.94355739602752	1.11105112901365e-06	4.69172405842064e-06	4.44532229957663
IGLV8-61	-1.19694279907546	1.19667539767676	-4.9412447500347	1.12357757898209e-06	4.74191731658373e-06	4.43453590609224
SAA1	-2.4607458078705	7.32426381322201	-4.94022751890823	1.12913050020756e-06	4.76209695589703e-06	4.42979286844448
SDS	-2.14792511831186	5.1710005411159	-4.91127428953135	1.29877274816318e-06	5.44531866045593e-06	4.29515732955885
AGXT	-1.36896181214713	7.38568335355373	-4.88981427476508	1.44012489656426e-06	6.01006714579686e-06	4.19582102711954
CCND2P1	-1.10057569972578	2.55829530408966	-4.86709047187776	1.60595432397768e-06	6.66532230518661e-06	4.09105775406195
APCS	-1.49208048030599	8.9358552800032	-4.83484241622005	1.8732399768517e-06	7.71414968452673e-06	3.94313307344588
IGLV2-11	-1.3331926782628	1.86047618321207	-4.82622749483832	1.95160931039751e-06	8.01993849312136e-06	3.90376445028259
FMO3	-1.31007530943713	5.88128019929377	-4.80771102119663	2.13089302439758e-06	8.71992220060075e-06	3.81936014705219
IGHV3-74	-1.04698432852569	1.29912454145205	-4.79196230840372	2.29577848198464e-06	9.37291042942537e-06	3.74780082806291
FABP1	-1.66676384562472	7.76113320223446	-4.7876980425302	2.3424982321453e-06	9.55180253712536e-06	3.72846095459722
OTC	-1.38896446825545	5.17716845876532	-4.7797820396277	2.43166680524392e-06	9.88845796361708e-06	3.69260013786935
IGKV3-11	-1.58325759633297	2.51267657906768	-4.74186822529634	2.90606934672241e-06	1.1700727955637e-05	3.52158223971456
IGKV1-9	-1.17683424726481	1.36534374328167	-4.69415391894987	3.63071976652282e-06	1.44611892367429e-05	3.3080962398959
IGKV4-1	-1.65051746025173	2.72242337827465	-4.67763629180976	3.91990382015403e-06	1.55578008670023e-05	3.23464475965773
ANGPTL3	-1.06177718801496	6.16306064173599	-4.67407419502919	3.98510956431925e-06	1.58030501116977e-05	3.21883519325097
IGLV3-25	-1.33238206412302	1.88446170967599	-4.66424444894917	4.17050440270325e-06	1.65011368515461e-05	3.17526435168154
SERPINA4	-1.14301699075314	6.07876378327897	-4.65927529030811	4.26735466334613e-06	1.68753237263521e-05	3.15326975914081
ARG1	-1.41093994430678	6.62092700597913	-4.64984636072889	4.45710513775115e-06	1.75862639919066e-05	3.11159333063165
GSTA2	-1.90321982831956	5.01036258524481	-4.6409206214548	4.64418561758427e-06	1.82912959276995e-05	3.0722111752303
SLC2A2	-1.14992041175626	6.21707204140882	-4.62927505942077	4.89964789099818e-06	1.92340390659026e-05	3.02093125025408
HMGCS2	-1.16659148760443	8.28309737678777	-4.60737111874079	5.41719579810026e-06	2.11580826710996e-05	2.92479483296833
PPP1R1A	-1.20583570163381	3.38270090329015	-4.6011174406279	5.57434600834796e-06	2.17397733449712e-05	2.89742300965685
IGKV3-20	-1.7032811252376	3.17598955920584	-4.56388026019065	6.60473838798554e-06	2.55271105514148e-05	2.73513505773307
HPD	-1.94245356190963	7.47719947971954	-4.56066632495075	6.70177960089246e-06	2.58886642530095e-05	2.72118394386857
A2M	-1.07803518926788	7.98790983472979	-4.55835389108878	6.77244615765701e-06	2.61480100893673e-05	2.71115158830466
RBP5	-1.01257474529568	5.57971340437785	-4.55686258971777	6.81839823244799e-06	2.63199409831588e-05	2.7046841099326
SULT2A1	-1.45109417664923	7.1066426972976	-4.53694573193726	7.4615349908635e-06	2.86889165360326e-05	2.61849238312101
IGKV1-5	-1.51559389934417	2.46223064747592	-4.53268328484772	7.60654477743419e-06	2.92252287828431e-05	2.60009075327131
SMIM24	-1.31433842744192	1.84510517887822	-4.46043375830103	1.0516921157131e-05	3.97191522196206e-05	2.29056692333119
IGHV3-11	-1.08409592226459	1.35526528023368	-4.44335991313089	1.13465865701701e-05	4.26828024970506e-05	2.21808116728948
APOC3	-1.41643841908453	11.2742188600256	-4.43709584327081	1.16664160311943e-05	4.38369399374428e-05	2.19155093253362
IGHV3-23	-1.41956554347233	2.34742574899385	-4.42764481515934	1.21653596650798e-05	4.55673041815673e-05	2.15158743392072
SAA2-SAA4	-1.64391148702534	3.17169486395865	-4.40940583316917	1.3186607838867e-05	4.91600987555064e-05	2.07468361366436
CFHR4	-1.09210795032047	2.99545175125914	-4.40007067280523	1.37405714238586e-05	5.10608291759682e-05	2.03543424418747
HABP2	-1.15468105720561	5.94826300650656	-4.36194147468212	1.62433359505671e-05	5.975572873829e-05	1.87590912526618
IGLV1-40	-1.40904178767038	2.31463096526623	-4.34904728636625	1.71842912006588e-05	6.30419747910063e-05	1.82224911157922
IGLV2-23	-1.36713390849465	2.16908450589352	-4.33322637214631	1.84101418091064e-05	6.71797864360278e-05	1.75660761732991
IGLV1-51	-1.282707888745	2.32699095970503	-4.30945598994094	2.04102899203972e-05	7.41206312453839e-05	1.65839471026495
IGKV3-15	-1.22154251071303	1.86166547001819	-4.29779766821018	2.14655990462922e-05	7.77395968980709e-05	1.61040627749336
RASD1	-1.06091251317266	3.91383153879306	-4.29063808979604	2.21393072081632e-05	8.00855220603524e-05	1.58099472423769
LINC01370	-1.02635055588925	1.5879454127718	-4.27553113234202	2.36277268474096e-05	8.52199578317614e-05	1.51908268818747
IGKC	-1.8071950517293	4.56714803173702	-4.2738996571358	2.3794068579064e-05	8.57864997596974e-05	1.51240846917987
IGLV3-21	-1.30779585352862	1.99662072701867	-4.26875729672298	2.43257208317423e-05	8.75754323645092e-05	1.49138680657133
PRSS8	-1.0882153341474	1.90198322376851	-4.25951013538619	2.53104151265618e-05	9.09499015979359e-05	1.45364332535927
IGLV4-69	-1.02265816926133	1.33116454689657	-4.24108558219286	2.73869662593587e-05	9.7911047906769e-05	1.37866490542339
AQP9	-1.45528271025694	5.85897878264981	-4.23810801045588	2.77374550738753e-05	9.90111662515605e-05	1.36657571246501
IGLC3	-1.5403232528219	3.36179753300835	-4.23286999521684	2.8364430827827e-05	0.000101122513138999	1.34532783696812
IGHG2	-1.5728344867201	3.6393958465943	-4.17093432310535	3.68809511199461e-05	0.00012934349659886	1.09591805004851
APOC1P1	-1.27297564148865	4.61473117413883	-4.15761001535289	3.90077414801706e-05	0.000136493095643737	1.04270412844274
IGLC2	-1.56157428449115	3.99361900998227	-4.13263095657896	4.33134782667586e-05	0.000150548480484629	0.94336658693898
SLC22A7	-1.34144332392532	5.27994993628199	-4.12736865594342	4.4276536400007e-05	0.00015373183463239	0.922509632565724
IGHG4	-1.3899798374342	2.74193201665277	-4.11548221796956	4.65274495381743e-05	0.000160919196563162	0.875488294558265
LINC01554	-1.43726671529101	2.51850167503867	-4.09718183140177	5.0207056947342e-05	0.000172838458519904	0.803338667934511
CCL21	-1.28700682868741	3.16621572982835	-4.00451635101074	7.34963203868013e-05	0.00024697484254095	0.442565641203025
G6PC1	-1.14847407952648	6.37302223813779	-3.99033712959215	7.78596621966435e-05	0.000260785509896842	0.388035711402327
CYP2B7P	-1.22862112425036	2.57368567295012	-3.95618802877689	8.93990149700633e-05	0.000296619252571997	0.257442341703922
IGHV1-18	-1.15616881951635	1.89977336855775	-3.85032210944378	0.000136357629561874	0.000439433906178777	-0.140781881249803
OAT	-1.03686834601027	3.03630522569279	-3.84093344594484	0.000141494756142095	0.000455236516503728	-0.175612892468276
IGHV3-21	-1.00333152339146	1.53778179789048	-3.83586715532076	0.000144342293232588	0.000463673014462151	-0.194375412588212
CCL19	-1.11608740659144	2.24325509997742	-3.82317105991425	0.000151717977388693	0.00048618536481419	-0.241292769606752
CYP1A1	-1.19649913746534	1.94787176269398	-3.81705883071663	0.000155394471373542	0.000497063686910205	-0.263828281243907
C4BPA	-1.03215177934659	8.07575354395862	-3.7248601644368	0.000222134833021632	0.000692894554948225	-0.599674587931492
IGLV1-44	-1.12694531301252	2.04679934762156	-3.71481322419381	0.00023085377626226	0.000717533142337433	-0.63580797784034
IGLV3-19	-1.26033356437551	2.30450159611895	-3.70129927415288	0.000243090646374985	0.000752745703573003	-0.684266215987867
IGHV4-39	-1.13521039742652	1.98565378545561	-3.69237037038101	0.000251508047120689	0.000776150229066497	-0.716192678046985
AHSG	-1.28509997891638	9.4384906466427	-3.68189384806428	0.000261734081220653	0.000805292149879594	-0.753560735299335
IGHV4-59	-1.07538319439698	1.81172456858486	-3.67250800461651	0.000271226559329221	0.00083304497092924	-0.78695400493373
HAL	-1.08469997354544	3.62936472723607	-3.66864061213259	0.000275231322838867	0.000844714760963372	-0.80069029857589
CRP	-1.9061604538077	7.22852598484744	-3.60618733925254	0.000348118109198594	0.00104962540935343	-1.02063234281991
CLDN2	-1.08827611068761	3.14974724213774	-3.53930360406985	0.000446053959275825	0.00132083039204173	-1.25223981545385
GSTM1	-1.32617512773945	2.15964557836676	-3.49852187973431	0.00051786448769479	0.00151889965910988	-1.39145600853854
HPR	-1.01624833884865	6.61851626523512	-3.36989104505617	0.000821550537845498	0.00233151396986603	-1.82057545862943
H19	-1.44485514723006	4.31342876541673	-3.34997852540732	0.000881267650895313	0.00248992228651008	-1.88564501374678
GSTA1	-1.17705756774399	8.09615373300129	-3.3119435657053	0.00100670821966997	0.0028204583237622	-2.00891835529267
UGT2B15	-1.02010763127631	5.96878759436447	-3.16520026683445	0.00166269800868049	0.00448921190009536	-2.47197935982386
IGHG3	-1.06604472271016	2.93228438080091	-3.10726330653876	0.00201663056146598	0.00536965943462091	-2.6492987949527
IGHG1	-1.34891944103184	4.41125962722991	-2.98158004293766	0.00303467301983033	0.00782771915234178	-3.02319233843953
APOA4	-1.24243089513722	3.12306060549684	-2.73713897259746	0.00646102965864496	0.0155796625323497	-3.70790676190005
PLA2G2A	-1.20853293911166	4.4979511785989	-2.37906121617435	0.0178031834759649	0.038613006358423	-4.60866894793337
