id	CD274	CTLA4	HAVCR2	LAG3	PDCD1	PDCD1LG2	TIGIT
TCGA-2Y-A9GS-01A-12R-A38B-07	0.46233471068437	0.564258189652799	1.66235283361291	0.7004407018457	0.178568970838697	0.675632310801751	0.30853552013762
TCGA-2Y-A9GT-01A-11R-A38B-07	0.792174903722478	1.5331607042637	1.29506900235101	2.50032579636915	2.36824471924845	1.01202906457324	1.51372551229858
TCGA-2Y-A9GU-01A-11R-A38B-07	0.123054356428197	0.216298341887352	0.6950930046772	0.729693871084394	0.357451319866186	0.195338421709298	0.238972495646383
TCGA-2Y-A9GV-01A-11R-A38B-07	0.483838906826889	0.242709271355521	1.56651846951087	0.475470479530026	0.395029993544069	1.16573644958878	0.207724263024473
TCGA-2Y-A9GW-01A-11R-A38B-07	0.949199883029794	0.746459850275196	2.15046748870849	0.460574496079442	0.33500578406932	1.14726543498868	0.495740962523651
TCGA-2Y-A9GX-01A-11R-A38B-07	0.807400788655756	1.21605374196539	2.56185678507969	0.869843611131245	0.996493200184203	1.26943220672968	0.941876008969278
TCGA-2Y-A9GY-01A-11R-A38B-07	1.07695648328871	2.4197705343843	2.81601390534561	3.93511170800091	2.62687353409062	1.51329368014939	1.83011851563725
TCGA-2Y-A9GZ-01A-11R-A39D-07	0.369544113069655	0.0269516425451182	0.614204554650488	0.726022820686443	0.0270274251951021	0.204306143909754	0.104977630634794
TCGA-2Y-A9H0-01A-11R-A38B-07	0.646453493987812	0.941505420120047	1.51456698769432	2.66416403581399	1.92139617511615	0.588184266630198	1.07626275682234
TCGA-2Y-A9H1-01A-11R-A38B-07	0.218272551065392	0.707541363664312	0.600377812393846	1.03495323898783	0.688228462215985	0.300041674558333	0.522628263440501
TCGA-2Y-A9H2-01A-12R-A38B-07	0.891765086174752	0.647572793065468	2.05159002821291	1.04445557178009	1.0663940008443	0.565234339319245	0.509522863516998
TCGA-2Y-A9H3-01A-11R-A38B-07	0.551353620325127	1.30877627885658	1.74729766797688	2.22608550364182	1.28375689985038	0.726976173759524	1.0087260990649
TCGA-2Y-A9H4-01A-11R-A38B-07	0.457520475511317	0.214987886173412	0.928294229960431	1.22509958177195	0.264761981224406	0.710356586198007	0.194700678039402
TCGA-2Y-A9H5-01A-11R-A38B-07	0.176481495784755	0.432025121699367	0.903164544952556	0.676952714671567	1.07635631757045	0.187885193981229	0.325566037328602
TCGA-2Y-A9H6-01A-11R-A39D-07	0.216049716030901	0.426900960709747	1.36835614150756	0.761211565868463	0.684303586224508	0.516285945248668	0.367981036447398
TCGA-2Y-A9H7-01A-11R-A39D-07	0.110459906034269	0.157874952132538	0.632232015691593	0.464379213475152	0.207427845689149	0.142299360641218	0.0569301973667453
TCGA-2Y-A9H8-01A-11R-A39D-07	0.356451286346516	1.19525305748499	1.36939296035731	2.73071760670341	1.32062872063096	0.646231225117379	0.903711145221269
TCGA-2Y-A9H9-01A-21R-A39D-07	0.349653200167413	0.335681838263556	0.888282904024005	0.527428787940049	0.266237934134817	0.651052163954236	0.251177082892084
TCGA-2Y-A9HA-01A-11R-A39D-07	0.41133240091031	0.24076018226463	0.796472637666524	0.288939176201241	0.061722757371034	0.683129777729105	0.200605067782571
TCGA-2Y-A9HB-01A-11R-A39D-07	1.01650638180681	0.952977956106178	1.30443193921309	1.22636366798217	1.62377767347196	0.72093690074739	0.687066884820965
TCGA-3K-AAZ8-01A-12R-A39D-07	0.334717631242717	0.531002419955886	0.533372775943667	0.446919527988564	0.592098836759906	0.248157848969761	0.351990520535619
TCGA-4R-AA8I-01A-11R-A38B-07	0.805048399479063	0.415896281870298	1.27954497715224	0.666484793823673	0.277645045411719	0.355632093856204	0.27420808990678
TCGA-5C-A9VG-01A-11R-A37K-07	0.252559733021931	0.159721204356698	0.902984305209806	0.298784183641924	0.257822325942858	0.264406042833529	0.0576196426968374
TCGA-5C-A9VH-01A-11R-A37K-07	0.210573367745299	0.319756984675312	0.63516724814769	0.468187137360429	0.795071468601842	0.178144690956119	0.145333799944253
TCGA-5C-AAPD-01A-21R-A39D-07	1.20269274798796	1.95964345491777	2.6698320039139	2.97978929849156	2.07625657872931	1.36151592630256	1.135885902582
TCGA-5R-AA1C-01A-11R-A41C-07	0.313360000409327	0.353640942577826	1.1077675844349	0.470306107103569	0.514570510076226	0.601376889453343	0.152582385242237
TCGA-5R-AA1D-01A-11R-A38B-07	0.41444517475376	0.48603418584624	1.6853491705338	0.471284274568412	0.67598805288106	0.934225469216755	0.385220327816749
TCGA-5R-AAAM-01A-12R-A41C-07	0.637776026960385	0.240397561402436	1.71219899661063	0.55928427525659	0.492057983108032	1.07660017809603	0.171485088249759
TCGA-BC-A10Q-01A-11R-A131-07	0.347728640359017	0.241777466184942	2.34271253252308	0.355897320288321	0.218727613084847	0.26060280964984	0.239373020974859
TCGA-BC-A10R-01A-11R-A131-07	0.165405047809759	0.0800656693169321	0.798614422426822	0.187206802264979	0.147049698482955	0.434760873404676	0.0527518327577217
TCGA-BC-A10S-01A-22R-A131-07	0.343013940678949	0.211996380266138	1.60681016606923	0.674553711318125	0.454587979189652	0.784900547015198	0.233611445559816
TCGA-BC-A10T-01A-11R-A131-07	0.515833647074298	0.0743425687491007	0.988119239935156	0.790025923647938	0.119257537137501	0.649694104894329	0.177776613916599
TCGA-BC-A10U-01A-11R-A131-07	0.169308352900117	0.169025175471151	1.0394108990261	0.308471771070775	0.23386149750219	0.152406637783371	0.129823620697345
TCGA-BC-A10W-01A-11R-A131-07	0.476959655664459	0.855857382489549	1.65251103736248	0.532493566177393	0.513813909466433	0.513779831264829	0.361075519223208
TCGA-BC-A10X-01A-11R-A131-07	0.622505870198957	0.110912135798649	1.40882861510352	0.751638900452208	0.255399029777861	0.857451610651997	0.300741778129118
TCGA-BC-A10Y-01A-11R-A131-07	0.631464983917198	0.440662942243552	1.05079808818245	1.0933048893429	0.971142725284827	0.720064378893309	0.4545537579
TCGA-BC-A10Z-01A-11R-A131-07	0.242163824373577	0.0684767558934998	0.677939798739856	0.271595933605789	0	0.120546617697035	0.0378549290006104
TCGA-BC-A110-01A-11R-A131-07	1.55558166913023	0.582038434720812	2.16606721169353	0.929770764373263	0.568323232122894	1.07977140519449	0.175974982554082
TCGA-BC-A112-01A-11R-A131-07	0.354659016480146	0.0825809176296107	1.89936071158964	0.370591477352043	0.135486479471029	0.27647471441183	0.104580644058591
TCGA-BC-A216-01A-11R-A155-07	0.577855965210754	1.97458901645589	2.00749151814946	3.03323712536708	3.0357158204237	0.227912599607623	1.90705756196623
TCGA-BC-A217-01A-11R-A155-07	0.822915309025411	0.764011699276715	1.07751934572382	1.02828420530983	0.621007908418938	0.799390557119135	0.719017954542877
TCGA-BC-A3KF-01A-11R-A213-07	0.389132254788551	0.0624058496403425	0.529521986532536	0.773746392941373	0.180139332288132	0.274354390666517	0.109865796945568
TCGA-BC-A3KG-01A-11R-A213-07	0.519948644999004	0.48237388685154	0.973201499710781	0.545035722601383	0.442684949258298	0.223406262263312	0.234043533536441
TCGA-BC-A5W4-01A-11R-A28V-07	0.251607071474224	0	0.635037081546935	0.452252625424673	0.0165965865037647	0.0868571161773093	0.0115405736151249
TCGA-BC-A69H-01A-11R-A311-07	0.2431669931728	0.817468446813826	1.80422151572063	1.1866519152208	1.29125287987644	0.379254524758244	0.371421862914742
TCGA-BC-A69I-01A-11R-A311-07	0.403034703334572	0.0808577871718062	0.663244430416833	0.68394143658206	0.170252852159332	0.281326560691619	0.0843263525695619
TCGA-BC-A8YO-01A-11R-A37K-07	1.3202918274044	1.61870884530336	2.41815978535504	2.86884647911974	2.28153934877925	1.61521979469753	1.56990634595544
TCGA-BD-A2L6-01A-11R-A213-07	0.250389072996298	0.221103453055099	0.574937264183733	0.479898385171401	0.221685154028854	0.215836629088324	0.179940895648582
TCGA-BD-A3EP-01A-11R-A22L-07	0.471895922089315	1.28900036139191	1.82051125636273	0.797009154244994	1.1815009943305	0.49700829412858	1.0340312124032
TCGA-BD-A3ER-01A-11R-A213-07	0.573558388206807	0.471047309844201	1.49483285957213	0.445307276479236	0.207748560012699	0.372059093580916	0.228167549753641
TCGA-BW-A5NO-01A-11R-A27V-07	0.44775555408444	0.595743762096542	1.27190250471193	0.773429246182918	0.398601188920395	0.649762881663258	0.379247167135566
TCGA-CC-5258-01A-01R-A131-07	0.405532422722003	0.665888364365212	1.29238533643199	0.778835463020355	2.08362068949061	0.535819673118905	0.586659347094515
TCGA-CC-5259-01A-31R-A213-07	0.137069360274196	0.391748836953435	0.482764055693445	1.07227841144614	0.425099698462791	0.1803681041674	0.395522924729231
TCGA-CC-5260-01A-01R-A131-07	0.647894368083512	0.404800429466628	3.08132519500048	0.997466794946905	0.646082615564433	0.749915000251481	0.451667630025122
TCGA-CC-5261-01A-01R-A131-07	0.559560575533722	0.505606878650809	1.39911377651593	0.742717193695785	1.19474399380515	0.645572402299767	0.779665204672773
TCGA-CC-5262-01A-01R-A131-07	0.547338781016936	0.476924396898287	1.6629300459374	0.843528772355429	0.369768587636268	0.58906355034315	0.390862593449829
TCGA-CC-5263-01A-01R-A131-07	1.06943084756084	0.38548973196416	1.99078735426157	0.853958593820561	0.428216441467025	0.380761745162004	0.373891245117554
TCGA-CC-5264-01A-01R-A131-07	0.245024023794693	0.806417370150436	1.3225327825689	0.955008558899274	0.463255919381046	0.2462922466949	0.558859147927267
TCGA-CC-A123-01A-11R-A131-07	0.0916595500038343	0.374712636109043	0.7676296771889	0.584638250261659	0	0.0669151242254823	0.151338995566577
TCGA-CC-A1HT-01A-11R-A131-07	1.56067747260415	2.45419270349158	3.71247276125101	3.92362894699553	2.19583110510667	2.009398705943	2.01025613552124
TCGA-CC-A3M9-01A-11R-A213-07	2.76640984556732	1.77216801094232	4.30308603829893	5.05329958664148	4.19515397963276	3.61109969795242	2.68106932669649
TCGA-CC-A3MA-01A-11R-A213-07	0.174821652309311	0.0873367371058349	1.20895597056891	0.885421313837523	0.135333509350627	0.253144045697688	0.107788685344564
TCGA-CC-A3MB-01A-11R-A213-07	0.133673870007143	0.525020061969543	0.832277423933374	0.491609850546773	0.44714456972857	0.217092729086793	0.318875276711212
TCGA-CC-A3MC-01A-11R-A22L-07	0.413768596294321	0.305327774620782	1.007511042496	0.448636913017627	0.252067868974817	0.414867169755009	0.191544671019459
TCGA-CC-A5UC-01A-11R-A28V-07	0.181269444114337	0.660491322061425	1.52238740970741	0.708562311888091	0.507125527195647	0.248845455811076	0.398548072092585
TCGA-CC-A5UD-01A-11R-A28V-07	0.234632619979757	0.227875277255667	0.813051067652864	0.848985019796677	0.448518801350296	0.132069310094728	0.195556598804108
TCGA-CC-A5UE-01A-11R-A28V-07	0.268088409116342	0.352753010023833	1.20234389670683	0.318528680515324	0.397763905702208	0.191418311785216	0.194861282672562
TCGA-CC-A7IE-01A-21R-A38B-07	0.346536163137744	1.99718854596773	1.59544141122742	2.27719923289406	2.1542463436509	0.426400614383877	1.56414215591384
TCGA-CC-A7IF-01A-11R-A33J-07	0.251094554856078	0.0277040477717326	0.638284969319811	0.516424101865205	0.0684767465126223	0.131708055102314	0.0478752625456769
TCGA-CC-A7IG-01A-11R-A33J-07	0.178677918000841	0.379737467188388	1.29533425420913	0.603159472800131	4.78323922545273	0.187825711341701	0.118686973476378
TCGA-CC-A7IH-01A-11R-A33J-07	0.237130702783621	0.0118421328358875	0.351180608360266	0.419371081215871	0.0353375158369652	0.271272707867511	0.0647439849431365
TCGA-CC-A7II-01A-11R-A33J-07	2.92622855150969	0.10956799064296	1.28480962757013	0.93530687093728	0.121574040532497	0.230077590719196	0.0978587831221886
TCGA-CC-A7IJ-01A-11R-A33R-07	3.28387977454745	1.25361234780359	3.51621864305997	3.5078568292371	2.19178792517466	5.28673031400464	1.74800607571127
TCGA-CC-A7IK-01A-12R-A33R-07	0.313099244759614	0.165767571751053	0.437055225642467	0.366932284112332	0.0372642305128632	0.275604676144923	0.195729453836944
TCGA-CC-A7IL-01A-11R-A33R-07	0.143589353351273	0.029951304400574	0.270877404104807	0.848310443661761	0.0497171946458276	0.0619519661586639	0.0483381223438083
TCGA-CC-A8HS-01A-11R-A36F-07	0.0945363061391965	0.381652319776636	0.419584969173961	0.723558383408794	0.500849578929152	0.124972755111385	0.263352524043271
TCGA-CC-A8HT-01A-11R-A36F-07	0.633035576114112	1.13535674634129	1.60544672562407	1.17886448468553	0.518512580714369	0.231383534460189	0.494693984954634
TCGA-CC-A8HU-01A-11R-A36F-07	0.156633806935663	0.0888106692116496	0.949953743507673	1.87662093785478	0.172931148701569	0.203858789842904	0.077581611723877
TCGA-CC-A8HV-01A-11R-A36F-07	0.132809715448975	0.563163525263679	0.346988493764331	1.4669072631422	0.183111982754101	0.152718581068766	0.124758196247354
TCGA-CC-A9FS-01A-11R-A37K-07	0.162488903449637	0.266982664420271	0.783217033595457	0.615461570272226	0.233968654984429	0.348621783716936	0.304253576624493
TCGA-CC-A9FW-01A-11R-A37K-07	0.274313786451435	0.906141514497508	0.820032901243028	1.08816646958572	0.637511090365519	0.162108803819242	0.579507970773108
TCGA-DD-A113-01A-11R-A131-07	0.374678517690348	0.538984024344291	1.17529654383074	0.600156647423657	0.586588817374105	0.485391828836453	0.595122420952373
TCGA-DD-A114-01A-11R-A131-07	2.02251338442714	1.59249189700444	2.96889150369961	2.19329732071001	2.49066920960399	1.66890539104795	1.54919648056584
TCGA-DD-A115-01A-11R-A131-07	0.467645589056729	0.0941579122176671	0.839401274027758	1.42034286389462	0.358178612034317	0.549415480625681	0.165146603981619
TCGA-DD-A116-01A-11R-A131-07	0.112124749050098	0.37271478661851	1.05528912391882	0.577320367892816	0.310566086168271	0.240828488898239	0.153443321917554
TCGA-DD-A118-01A-11R-A131-07	0.169768897489705	0.0913955946034877	0.985831458616959	0.352479276685507	0.210895294244901	0.248049844420404	0.0767381552589208
TCGA-DD-A119-01A-11R-A131-07	0.117087747492852	0.0962321453558982	1.09683124937911	0.288431685163513	0.153685200122772	0.127961284998443	0.0676610163557455
TCGA-DD-A11A-01A-11R-A131-07	0.214496362920004	0	0.451360730485831	0.300120234685196	0.0217569249650502	0.259356158927445	0.0449429787746612
TCGA-DD-A11B-01A-11R-A131-07	0.267917404625008	0.0222003092501687	0.376464635928373	1.00806248972836	0.169166654868151	0.530890421228439	0.0459795074694332
TCGA-DD-A11C-01A-11R-A131-07	0.505690490875437	0.199000804194681	1.05852329011616	0.476906864281583	0.18248756165633	0.641968396066481	0.186570923867142
TCGA-DD-A11D-01A-11R-A131-07	0.333796404025359	0.0646874979241052	0.441272465031981	0.199699951809911	0.0648670289609072	0.318052195935598	0.096484861670726
TCGA-DD-A1EA-01A-11R-A131-07	0.762294594932353	0.881173416163935	1.15121270774739	1.13961710668272	0.937694692586944	0.726521371794803	0.755669447681015
TCGA-DD-A1EB-01A-11R-A131-07	0.887469802751823	0.253029603601809	0.463408949164917	0.740709495955212	0.478444789859394	1.48769049492937	0.255932868679919
TCGA-DD-A1EC-01A-21R-A131-07	2.55712418319272	1.77221497423792	2.85569761773231	3.7318840198753	2.39526607905654	1.8877607727752	2.13186805737355
TCGA-DD-A1ED-01A-11R-A155-07	0.486684108236089	0.280328753305078	1.06654863562753	0.541660418937307	0.335859530112598	0.629213178983904	0.241173924682045
TCGA-DD-A1EE-01A-11R-A131-07	0.482980927569258	0.12910101387339	0.86607114706247	3.63104909928481	0.100592379295977	0.308981976465817	0.0910758126537009
TCGA-DD-A1EF-01A-11R-A131-07	0.323467769983325	0.821649796397267	1.29619318691773	0.91109259589661	0.811309921642937	0.383247648843794	1.10474643931995
TCGA-DD-A1EG-01A-11R-A213-07	0.75764963425154	0.758335251069179	1.9926212673579	1.04448592650691	0.766346954877256	0.905497414087175	0.801393025041708
TCGA-DD-A1EH-01A-11R-A131-07	0.300584171164759	0.12588288702406	0.794794509755235	0.369519542822637	0.292862400368656	0.301723852304651	0.203322253999483
TCGA-DD-A1EI-01A-11R-A131-07	0.275608666161088	0.34195960871658	1.31437431181697	0.420762673008418	0.669135307228056	0.523638827741757	0.257617550374339
TCGA-DD-A1EJ-01A-11R-A155-07	0.249728204638645	0.231900076651129	1.7969904843886	0.541670338562168	0.534905521495126	0.291665657252206	0.162680280078667
TCGA-DD-A1EK-01A-11R-A213-07	0.771942249296515	0.0934004267630778	2.08924229262064	0.762099170210003	0.108692113725273	0.515677404104478	0.133555481624497
TCGA-DD-A1EL-01A-11R-A155-07	0.195193082224817	0.343450975483942	1.1099860195719	0.286422008875228	0.0757518988116428	0.279972397044628	0.182859952368152
TCGA-DD-A39V-01A-11R-A213-07	0.277338171842111	1.23235120626686	1.67689744896273	3.1479279344121	2.18338605270606	0.937465949338146	0.988647502077044
TCGA-DD-A39W-01A-11R-A213-07	0.268172116891539	0.175146616164673	0.560502908273034	0.322763934295478	0.15339821013955	0.470605610529179	0.219996529315678
TCGA-DD-A39X-01A-11R-A213-07	0.166278002934596	0.197771617948452	0.912660593926276	0.421962819461295	0.248863795911519	0.169139841706467	0.102814106410316
TCGA-DD-A39Y-01A-11R-A213-07	0.140211970180272	0.354289139718721	0.958305109195792	0.573211341684317	0.371656374871822	0.152673000871284	0.176357308340646
TCGA-DD-A39Z-01A-11R-A213-07	0.172179879815899	0.0318605552551125	0.17717480455201	0.310459785664717	0.123762002913373	0.0143670672124876	0.0495942548411794
TCGA-DD-A3A1-01A-11R-A213-07	0.313130792181739	0.241391183260169	0.93623872375925	0.435569723924651	0.242021917231816	0.301010535995396	0.238990270082912
TCGA-DD-A3A2-01A-11R-A213-07	0.331950309412687	0.0239091332280638	0.556115544766693	0.721746716342302	0.0592101119521937	0.247616342032198	0.109051402757857
TCGA-DD-A3A3-01A-11R-A22L-07	0.0922026471070516	0.240214890238687	0.634451402357515	0.430250603422738	0.118356774249014	0.106246205011411	0.0679411399928572
TCGA-DD-A3A4-01A-11R-A22L-07	0.154624856415001	0	0.537554117479262	0.236982336290092	0	0.217025405699833	0.00477809896097055
TCGA-DD-A3A5-01A-11R-A22L-07	0.411593531760022	0	0.382871631650268	0.739284696947637	0.262832992879316	0.282415021170434	0.135611263126427
TCGA-DD-A3A6-01A-11R-A22L-07	0.542446571799075	0.57413148786269	1.16271185322299	0.853854593863168	0.382321363543796	0.825355599454299	0.670276463839068
TCGA-DD-A3A7-01A-11R-A22L-07	0.127315700661044	0.254021328643646	0.530584582954117	0.661690753848533	0.471079086821378	0.0862897304673682	0.11923046308558
TCGA-DD-A3A8-01A-11R-A22L-07	0.227183127101598	0.0898494470221337	0.286867867909579	0.22890166138804	0.0521706188006546	0.135858854551116	0.0542805325394638
TCGA-DD-A3A9-01A-11R-A266-07	0.165605234529005	0.206289426852048	0.777281170551241	1.18880218896569	0.507264293690899	0.150864154847236	0.296633371833162
TCGA-DD-A4NA-01A-11R-A266-07	1.09254498320332	0.799170530044121	2.33705393638909	0.350067456865351	0.437057232872323	0.990904942340885	0.461954941173366
TCGA-DD-A4NB-01A-12R-A266-07	0.528600267597994	0.553586169666341	1.92683322139581	0.91497652041247	0.864611998120949	0.574493740468939	0.25087421695129
TCGA-DD-A4ND-01A-11R-A266-07	0.938314834622802	0.892114475808815	2.01782739483634	1.80529551803244	1.64503127290269	0.955038061275324	1.0460204298893
TCGA-DD-A4NE-01A-11R-A27V-07	0.442871068965219	0	0.429939144476045	0.634966751755917	0.0262677030178252	0.1247680840407	0.0630054937114667
TCGA-DD-A4NF-01A-11R-A27V-07	0.440142759265419	0.0378560653431161	0.363413554994705	0.119119404954674	0.074950863878874	0.389376357685834	0.035168807692933
TCGA-DD-A4NG-01A-11R-A27V-07	0.438279909890716	0.611345348235961	0.781947858691249	0.327614564922393	0.294890409259872	0.542133995715373	0.468555616787598
TCGA-DD-A4NH-01A-11R-A27V-07	0.463551757023977	0.646703751668178	1.32112700588511	0.632898424155651	0.719663846501634	0.494829640392089	0.195412044347066
TCGA-DD-A4NI-01A-11R-A27V-07	0.506383878167228	0.865327688561835	1.07458323115777	1.17072201204099	1.31066631530725	0.881859187166901	0.974305058364802
TCGA-DD-A4NJ-01A-11R-A27V-07	0.832839407360444	0.963322112923285	1.98583904871655	0.476345680011005	0.218730669024596	0.712420657530065	0.423213383606189
TCGA-DD-A4NK-01A-11R-A28V-07	0.369879097477869	0.0150506214744198	0.581859301416854	0.64841548041986	0.0594475745390726	0.440654380093398	0.0415235134510297
TCGA-DD-A4NL-01A-11R-A28V-07	0.27636057349257	0.102231805692319	0.711279467081539	0.493168256870957	0.211389173011539	0.190368013763954	0.149957583980572
TCGA-DD-A4NN-01A-11R-A28V-07	0.0603803981172897	0.0925539905064153	0.618627103270099	0.878783974223207	0.997590268027116	0.0933119109559046	0.00829351736679129
TCGA-DD-A4NO-01A-11R-A28V-07	0.340976882025094	0.200201430874718	0.687061914027092	0.369130601758317	0.20073188604923	0.332308581957601	0.0936270707461947
TCGA-DD-A4NP-01A-11R-A28V-07	0.176580906077002	0	0.424311239772747	0.354391077101794	0.0328078825153204	0.147880345939864	0.0674985004450602
TCGA-DD-A4NQ-01A-21R-A28V-07	0.754062741384691	0.451459573445793	2.37297647157075	0.286562712489358	0.266986155714867	1.32798260414499	0.250500748997916
TCGA-DD-A4NR-01A-11R-A311-07	1.48666844961012	2.21599460030401	3.32525511025832	3.17711157557829	3.19589402601817	1.64507379993338	1.99424112587811
TCGA-DD-A4NS-01A-11R-A311-07	0.774628112232902	0.495133190067683	1.59331053307038	1.16730429973733	1.3394034152586	0.744743710914489	0.921386071769964
TCGA-DD-A4NV-01A-11R-A311-07	0.649635335884446	0.17468229098713	0.923475956844542	0.685540451984439	0.312696688504021	0.365641077388828	0.241230623934731
TCGA-DD-A73A-01A-12R-A32O-07	0.304076123939239	0.369910674689163	1.3021576256098	0.757763931411968	0.394858324495239	0.32457049264631	0.149600413501626
TCGA-DD-A73B-01A-12R-A32O-07	0.375722782574326	0	0.491639114062888	0.765382418909192	0.0343385198372625	0.31500435162949	0.0199626081118476
TCGA-DD-A73C-01A-12R-A33J-07	0.353410438301674	0.0593846160915598	0.921890420531067	0.563718051932002	0.235101957157424	1.12616446337048	0.299930963038954
TCGA-DD-A73D-01A-12R-A32O-07	0.202875020650575	0.0534617671367924	0.29416467215255	0.117847995426992	0.0270543676310561	0.117166904980934	0.0420341819694076
TCGA-DD-A73E-01A-12R-A32O-07	0.261833133333714	0.0153711626617897	0.215589687047561	0.103406464415469	0.0306661562582383	0.0808087934745368	0.0160462457812145
TCGA-DD-A73F-01A-11R-A32O-07	0.71807858813778	0.764611430303193	1.75433888166092	1.96472442885967	1.94600432210151	1.24546492822646	1.20656700149048
TCGA-DD-A73G-01A-22R-A32O-07	0.145436815174136	0.335231355509211	1.23810349345241	1.27458662969679	0.325332848152041	0.181407260113416	0.151278794164481
TCGA-DD-AA3A-01A-11R-A37K-07	0.178767870076194	0.0570842607342241	1.12740817517606	0.447831844803017	2.09255594795755	0.100788944703029	0.135317972058666
TCGA-DD-AAC8-01A-11R-A41C-07	0.170950093615271	0.19693417500989	1.07625857097803	0.360753541510058	0.121685188792215	0.335959334299385	0.179328451914923
TCGA-DD-AAC9-01A-11R-A41C-07	0.247106885093766	0.538559223924387	1.28913159722376	0.509740831457111	0.434774253061743	0.360588886775896	0.355654708443881
TCGA-DD-AACA-01A-11R-A41C-07	0.284002290499272	0.121014935808551	0.461334468808091	0.494001385350706	0.467697182703873	0.262617461650585	0.180011615378872
TCGA-DD-AACB-01A-11R-A41C-07	0.934365516903878	1.03755519253327	1.77358514440301	3.1426014072363	2.11964327705133	1.31926083409517	1.33135335833209
TCGA-DD-AACC-01A-11R-A41C-07	1.208385873997	2.26602065087635	3.15529129580753	3.94843955443164	3.56909754596078	1.60631608015169	2.29180045718514
TCGA-DD-AACD-01A-11R-A41C-07	0.137937040238498	0.242423307036354	1.29463303088854	0.607490843130519	0.126640802632496	0.293407080317873	0.136860593324331
TCGA-DD-AACE-01A-11R-A41C-07	0.265023550342753	0.234464760054537	0.456615275686016	0.4877317639958	0.265740076630148	0.197726662860493	0.161507541243242
TCGA-DD-AACF-01A-11R-A41C-07	0.693283662133401	0.140048643443282	1.36183106033937	0.681968201538372	0.290484296153901	0.607264167972937	0.223707437780024
TCGA-DD-AACG-01A-11R-A41C-07	0.145446481490949	0.429590142899477	1.52393987167012	0.549333504187278	0.34544019806432	0.390578760124766	0.220868846554084
TCGA-DD-AACH-01A-11R-A41C-07	1.06682015797463	0.408099350212163	1.78644434670285	0.457292203333835	0.187047676500987	0.296242000815018	0.244394473688857
TCGA-DD-AACI-01A-11R-A41C-07	0.664487773230056	1.77223996023843	2.3242431580196	3.35842095876846	1.95925034036724	0.925654220201664	1.13950433660049
TCGA-DD-AACJ-01A-11R-A41C-07	0.211139358939761	0.0540481072817692	0.635187920138291	0.298083090558464	0.0978589945293736	0.0244752176392381	0.0315989140180196
TCGA-DD-AACK-01A-11R-A41C-07	0.435267773072322	0.41066237795321	0.825106301980578	0.512582572004171	0.285493965637921	0.146254554118236	0.205739772784552
TCGA-DD-AACL-01A-11R-A41C-07	0.615622366834393	1.49038467044964	2.87868620035416	2.67795332184721	1.96626162451479	0.97037395084303	0.936818938351429
TCGA-DD-AACN-01A-11R-A41C-07	0.818012586566443	0.74245782547804	1.17272494925664	0.788369032079955	0.956414721797543	0.418208187977444	0.424140616178061
TCGA-DD-AACO-01A-11R-A41C-07	0.0500748706591299	0.309797567232316	1.13845207465632	1.21992722712012	0.207171993547822	0.262291678878561	0.091538219813349
TCGA-DD-AACP-01A-11R-A41C-07	0.15567253273721	0.895231073415863	0.473597568240918	1.63037112681872	0.457234323973331	0.15650315269215	0.391138979808856
TCGA-DD-AACQ-01A-11R-A41C-07	0.527555737238281	0.0247202974695754	0.449960248017047	1.32460101138393	0.272594162107652	0.065539589372079	0.0343015625968806
TCGA-DD-AACS-01A-11R-A41C-07	0.177552543421003	0.040116697389164	0.436774056050337	0.435194745941668	0.0599304864764221	0.155414783621081	0.0623475043696182
TCGA-DD-AACT-01A-11R-A41C-07	0.224558381358409	0.270370354165014	1.0905579972524	0.798064823397831	0.584511194941378	0.547856635294772	0.410133491504845
TCGA-DD-AACU-01A-11R-A41C-07	0.349853164357438	0.205888578707428	1.1540284448226	0.712360625878586	0.453329564044368	0.319051371745232	0.240652834903495
TCGA-DD-AACV-01A-11R-A41C-07	0.365291938397883	0.0186124336923481	0.414545711868238	0.849349527456556	0.0552855807861479	0.419590885039719	0.0637706857207709
TCGA-DD-AACW-01A-11R-A41C-07	0.130666482252704	0.133893420847141	0.596340402738744	1.603563683812	0.654733440593386	0.267129777295701	0.257698263556974
TCGA-DD-AACX-01A-11R-A41C-07	0.438686354621417	0.120735332918215	0.678051502302064	0.489226563996096	0.433116069561857	0.108686754710765	0.125841365144737
TCGA-DD-AACY-01A-11R-A41C-07	0.173996398186099	0.0503032046033782	0.653946218346369	0.413919340386493	0.236236849716375	0.14191916872245	0.0989741737173255
TCGA-DD-AACZ-01A-11R-A41C-07	0.876498999048487	1.86179059096071	3.18543325084246	2.55760376876946	1.56417486362165	1.71498642804832	1.72213384928231
TCGA-DD-AAD0-01A-11R-A41C-07	0.373588059769806	0.0287050522722243	0.641532718309209	1.27618832160323	0.0287857161490371	0.100381622710191	0.0348930426268493
TCGA-DD-AAD1-01A-11R-A41C-07	0.715640023319409	0.743777177769522	1.53561396583253	0.910290003939508	3.94196374417944	0.728400850871976	1.03736082831826
TCGA-DD-AAD2-01A-11R-A41C-07	0.648692142189478	0.591494813536736	1.63279664117996	0.731431846847176	1.02068884106794	0.93252227138965	0.270843463814649
TCGA-DD-AAD3-01A-11R-A41C-07	0.302504964104602	0.33003496141193	1.20110247057699	0.440028897759661	0.448307085870278	0.432527718438329	0.218478012728694
TCGA-DD-AAD5-01A-11R-A41C-07	0.835500029950183	0.12788336804166	1.97033655515619	1.0388041110123	0.234635831457823	0.330639522278474	0.0770291595966658
TCGA-DD-AAD6-01A-11R-A41C-07	0.13016984543925	0.370438280750809	0.785739375661963	0.311689804297748	0.0519943580936227	0.0692945590786483	0.0452207609278752
TCGA-DD-AAD8-01A-11R-A41C-07	0.330032813095414	0.27206273060618	1.17922309547282	1.24056426376793	0.239242220295937	0.520124591028589	0.188590996562998
TCGA-DD-AADA-01A-11R-A41C-07	0.188376421518221	0.407293960795344	0.593608688447986	1.74004768326042	0.525345087025536	0.293451462504882	0.507614643733188
TCGA-DD-AADB-01A-11R-A41C-07	0.664014330474805	1.6900880612462	1.72718669155294	2.69596008071103	2.85159594671268	0.710774128343927	1.7246772097932
TCGA-DD-AADC-01A-11R-A41C-07	0.372657316058039	0.665897585082106	1.27464868913942	0.806991193654378	0.519466558932796	0.428587740500546	0.367496701095943
TCGA-DD-AADD-01A-11R-A41C-07	0.313088300499964	0.438390981450834	0.997012286569081	1.17345150343473	1.0078158785516	0.40987932520155	0.471678147584482
TCGA-DD-AADF-01A-11R-A41C-07	0.293632429339644	0.889357489455606	0.727947058239013	1.85364716002475	1.55310478162141	0.177207506348934	0.49555760802966
TCGA-DD-AADG-01A-11R-A41C-07	0.256974361646972	0.0269983267369486	0.23106949065508	0.422999979169156	0.105375718116448	0.246425518501933	0.0694418684507974
TCGA-DD-AADI-01A-11R-A41C-07	0.462499369100943	0.56227012665648	1.37137452312361	1.20561113102111	0.765050553016192	0.64402099481307	0.543179440761298
TCGA-DD-AADJ-01A-11R-A41C-07	0.172715612904724	0.285764142513591	0.687426068634156	0.541899713186314	0.270167300719251	0.182691653566891	0.118723538322821
TCGA-DD-AADK-01A-11R-A41C-07	0.144558595605733	0.538638973148021	0.857650519190976	0.514851733207449	0.437496808805511	0.330308810821629	0.42640050296409
TCGA-DD-AADL-01A-11R-A41C-07	0.297458737890121	0.0357857611605181	0.788963925389649	0.393535636029252	0.0937811107477562	0.153891135726709	0.0935835806042968
TCGA-DD-AADM-01A-11R-A41C-07	0.319199904466174	0.40043436984536	0.989969685586607	0.368796266642394	0.275643208421687	0.181956240397788	0.170261619659964
TCGA-DD-AADN-01A-11R-A41C-07	0.397719969622004	1.49062411568012	2.51372668118355	4.43317666261362	2.22754283197503	0.812422622394851	1.34908962191623
TCGA-DD-AADO-01A-11R-A41C-07	0.376360610996448	1.78229352841088	1.66697751475365	2.7748896439466	1.56429043697559	0.73940319456001	1.19710989499803
TCGA-DD-AADP-01A-11R-A39D-07	0.259748102279509	0.316187676740525	0.922835596781784	0.40007157386215	0.361823057815531	0.396486932303822	0.284907363694317
TCGA-DD-AADQ-01A-11R-A41C-07	0.440233930902296	0.443949609371968	0.630554642179239	0.721198883704988	0.495875803404059	0.155082216253304	0.439250118942003
TCGA-DD-AADR-01A-11R-A41C-07	0.166661037733318	0.387889446711905	0.832071333547893	0.700908298156761	0.131175434355167	0.456533084300042	0.235811163723722
TCGA-DD-AADS-01A-11R-A41C-07	0.318952230922988	1.21125805424138	1.41033789916251	2.36547096198718	1.10200751467472	0.423972194705305	0.684896054352335
TCGA-DD-AADU-01A-11R-A41C-07	0.244636512732487	0.441571008542661	0.578249015164972	0.581896774933133	0.185615967654776	0.105042930434852	0.126498904139302
TCGA-DD-AADV-01A-11R-A39D-07	0.322059258231613	0.0939834325122098	1.03061341688636	0.59803996401803	0.182702798480202	0.538586666996463	0.165852565484301
TCGA-DD-AADW-01A-11R-A39D-07	0.252699709073173	0.208890318765948	0.914425352336861	0.288426330904109	0.264093577554873	0.145881999473363	0.175186913288616
TCGA-DD-AADY-01A-11R-A41C-07	0.567255459704014	0.166605711179528	0.386261321273501	0.145548894262234	0.0859426714934923	0.253424283169587	0.0453803703890625
TCGA-DD-AAE0-01A-11R-A41C-07	0.151358156524962	0.465767570257961	0.93795964521064	0.815562425936202	0.696854580099299	0.353358842450619	0.291376994715032
TCGA-DD-AAE1-01A-11R-A41C-07	0.214273776134459	0.344601134803106	0.499266312855115	0.775030609296741	0.148252443021676	0.149041565953122	0.225310853479107
TCGA-DD-AAE2-01A-11R-A41C-07	2.35734126055793	0.640793682349949	1.36969891284504	1.4879461393103	1.62999216590277	0.940334772937314	0.790649387905662
TCGA-DD-AAE3-01A-11R-A41C-07	0.390301190875746	0.129141847395837	1.06760279691466	0.311836155561865	0.0754123482013967	0.481016933686375	0.0720609970440113
TCGA-DD-AAE4-01A-11R-A41C-07	0.637355300618825	0.848565709953492	1.51506784850327	1.93808520885979	0.971549925260577	1.33894042967791	0.630632781719349
TCGA-DD-AAE6-01A-11R-A41C-07	0.109249342117154	0.0145872064374248	0.191043701341326	2.35134300334095	0	0.0388980339423608	0.00509389397006745
TCGA-DD-AAE7-01A-11R-A41C-07	0.388845906083361	0.411086136148676	1.21385451674575	1.18160927892336	0.536896857930479	0.296740898462581	0.273377801655122
TCGA-DD-AAE9-01A-11R-A41C-07	0.10355173876848	0.171427859840223	0.455939129016088	0.0874900566050006	0.124829711424623	0.13349040131248	0.137997825811607
TCGA-DD-AAEA-01A-11R-A41C-07	0.86257200845704	1.20672065559259	1.27793621178298	2.4511697165842	1.63547075517089	0.4386509359356	0.934023369556161
TCGA-DD-AAEB-01A-11R-A41C-07	0.252827771482966	0.245589696741664	0.381078976401098	0.985785010727344	0.118883474102104	0.14060959170847	0.168916010209984
TCGA-DD-AAED-01A-12R-A41C-07	0.143725752450056	0.52102158419742	1.86484983253929	1.14863859352051	0.80037142122711	0.209096759487038	0.125434444079792
TCGA-DD-AAEE-01A-11R-A41C-07	0.301654976269791	0.167230054210325	0.659843292051227	0.367234398279481	0.102926251566337	0.287280095350175	0.224352134819079
TCGA-DD-AAEG-01A-11R-A39D-07	0.201527582004337	0.0109869382924656	0.376545205638877	0.199738393875889	0.04357595952515	0.211151857687565	0.0784400908133798
TCGA-DD-AAEH-01A-11R-A41C-07	0.622945035049928	0.94504184844354	1.33478823899435	2.28512787203761	2.013523789086	0.894539263983482	1.7209002958846
TCGA-DD-AAEI-01A-11R-A41C-07	0.156671941345915	0.127788949570525	1.86708069307285	0.743843767672763	0.290322742523341	0.281977574258938	0.133179748628547
TCGA-DD-AAEK-01A-11R-A41C-07	0.53521502748607	1.00306231553595	1.75643634570314	1.45505154201139	1.8884549901625	0.795081960909828	1.04689448886653
TCGA-DD-AAVP-01A-11R-A41C-07	2.15613963737903	0.185763177835535	0.554912685683146	0.685021671519828	0.499195923423527	1.4130346837238	0.0999599279407618
TCGA-DD-AAVQ-01A-11R-A41C-07	0.645472583262592	1.68354750377407	1.9740267988928	2.34665587965304	2.18139375572243	0.946296611710733	1.43568802356488
TCGA-DD-AAVR-01A-11R-A41C-07	0.354252636035641	0.912664008952573	1.83751332764502	0.985171983763988	0.966325900978402	0.889570389642165	0.563462245384493
TCGA-DD-AAVS-01A-11R-A41C-07	0.141409224331634	0.221930560636954	1.26824500948013	0.797683002983782	0.585246808003349	0.172111498535049	0.202243031120012
TCGA-DD-AAVU-01A-11R-A41C-07	0.111778482317773	0	0.717018260055596	0.119864858263095	0.0444769471826008	0.116310166377887	0.0310181529855221
TCGA-DD-AAVV-01A-11R-A41C-07	0.585432402237376	1.32347387089301	1.86042865222658	0.93866327418621	0.788062245617725	0.92448571966834	0.932653989121764
TCGA-DD-AAVW-01A-11R-A41C-07	0.280947164645687	0.812666423320353	1.3957894392288	0.488598227709474	0.446583945048418	0.755244758312937	0.367368622576613
TCGA-DD-AAVX-01A-11R-A41C-07	0.907654572648617	0.228112634324245	0.881157342261411	0.24324733591749	0.189734332470211	1.09134711049265	0.295897888485079
TCGA-DD-AAVY-01A-11R-A41C-07	0.258647284896928	0.024737900140697	0.4400240195136	0.7517819126095	0.209260596682723	0.264886824095291	0.116729048598398
TCGA-DD-AAVZ-01A-11R-A41C-07	0.112972709259196	0.158010032316166	0.611439445196601	0.448880532998545	0.325680965854874	0.214560970027682	0.0871377874203471
TCGA-DD-AAW0-01A-11R-A41C-07	0.564420173717974	0.334817727191889	2.09355886723036	0.614603458757691	0.607786125115382	0.421290122750502	0.450810165799884
TCGA-DD-AAW1-01A-11R-A41C-07	0.373041717375068	0.0230519099706985	0.394156153566093	0.271078667356119	0.0793384593570686	0.325003549374806	0.0359434457128685
TCGA-DD-AAW2-01A-11R-A41C-07	0.275034307352628	0	0.417931246004049	0.14347629195759	0.0639820582207871	0.148077192285118	0.066558739919148
TCGA-DD-AAW3-01A-11R-A41C-07	0.412882411188004	0.0195748991608335	0.441295078004327	0.339533772090462	0.0769668794173851	0.0689903619711846	0.0405812378320265
TCGA-ED-A459-01A-11R-A266-07	0.20245352583454	0.179758164244908	1.46469140478188	0.372469390345022	0.278476050164556	0.353373657467771	0.0307638869990076
TCGA-ED-A4XI-01A-11R-A266-07	0.400579327687925	0.221512518607257	1.36305904776612	1.5069153306984	0.306262941418845	0.8279289939747	0.314065742586991
TCGA-ED-A5KG-01A-11R-A27V-07	2.12418951337922	2.49334273305001	2.93690854530311	4.03927881540147	3.71187437185642	2.65400908407804	3.62126438518982
TCGA-ED-A627-01A-12R-A311-07	0.969349920171369	1.35403831941047	2.24518243337993	1.67727825076217	2.14783538120831	1.04186731578336	1.10339164685487
TCGA-ED-A66X-01A-11R-A311-07	0.204120839507861	0.409432016181826	2.48551222073283	0.395294009125878	0.889294130090213	0.553508206362014	0.29338039044713
TCGA-ED-A66Y-01A-11R-A311-07	0.0614801053966169	0.0789384975044167	0.310687883006595	0.461681213860997	4.82405022171747	0.105170639371073	0.0417506957874057
TCGA-ED-A7PX-01A-51R-A352-07	0.304647088651646	0.176539290515228	1.80850357870721	0.484219592904332	2.09570658223654	0.453651237614555	0.221719260091422
TCGA-ED-A7PY-01A-11R-A33R-07	0.146745493788315	0.199366745463214	0.357051433846977	0.929551110889269	0.181106850691211	0.110637624493461	0.051171294461282
TCGA-ED-A7PZ-01A-11R-A33R-07	0.173728940375173	0.0236549145516641	0.76178886658395	0.277581804819241	0.0700255098831498	0.0627528079472119	0.0206048241158625
TCGA-ED-A7XO-01A-11R-A352-07	0.403844617711954	0.333224633028315	1.16182912733903	1.49090468911462	0.593863668866772	0.530715759405619	0.318041711589195
TCGA-ED-A7XP-01A-11R-A352-07	0.413488094027939	0.355721666847473	1.2614366369065	0.631907945490908	0.346045585270556	0.44283887202945	0.46081911716091
TCGA-ED-A82E-01A-11R-A352-07	0.25133044891011	0.417899330785688	1.43237392117424	0.398730508492339	0.12485355748035	0.313140565862728	0.195928988801457
TCGA-ED-A8O5-01A-11R-A36F-07	0.311115724356526	0.0930479681873637	0.290154658773405	0.663099458044533	1.83005048005595	0.162776373904376	0.104820289674626
TCGA-ED-A8O6-01A-11R-A36F-07	0.144253480066683	0.824385745685545	0.83597452248219	0.881277158138491	0.608049460469055	0.141750333567604	0.418042161010517
TCGA-ED-A97K-01A-21R-A38B-07	0.748650208795091	0.790066706876	2.25927781626036	0.760340960104232	0.469220504357358	0.513355143552829	0.409928166907911
TCGA-EP-A12J-01A-11R-A131-07	0.659747016600929	0.0272142825879644	0.547594447541238	0.284475435048465	0.106196014752613	1.01124942849774	0.0377496098771417
TCGA-EP-A26S-01A-11R-A16W-07	0.505031699315979	0.0492262854934352	0.745919725832475	0.480154283303611	0.0493636373180552	0.208605441343621	0.120328916029112
TCGA-EP-A2KA-01A-11R-A180-07	0.477465638647174	1.74524247245701	1.70922557042164	1.91027992980404	1.60322197828073	0.627731426587577	1.13773509402152
TCGA-EP-A2KB-01A-11R-A180-07	0.198054151098826	0.369903553317443	0.723803008707862	0.988470644392936	0.346701544663648	0.205842428675069	0.20642757944514
TCGA-EP-A2KC-01A-11R-A213-07	0.366821029343787	0.328544330737448	0.829454835306254	0.582948244565952	0.241244772845861	0.357291341053611	0.182636195253427
TCGA-EP-A3JL-01A-11R-A213-07	0.462928580220857	0.91644410669782	1.67508729460633	1.49919956421864	1.25298030980601	0.751130636313024	0.696994933386536
TCGA-EP-A3RK-01A-11R-A22L-07	0.94228704400053	1.50195746694797	2.42899703909751	2.3696327043065	2.45831199146462	1.26844031954339	1.56802334348882
TCGA-ES-A2HS-01A-11R-A180-07	0.0672343964376165	0.013275335358226	0.359918683279943	0.731640906579457	0	0.0926034387168215	0.0230246097449861
TCGA-ES-A2HT-01A-12R-A180-07	0.245795156356645	0.144018543941581	0.562085309769184	0.391888026004215	0.239366560860816	0.265017221843314	0.105257663716735
TCGA-FV-A23B-01A-11R-A16W-07	0.426518996473627	0.571463365553031	0.944725439915646	0.434686969901205	0.559231004016821	0.397719964044722	0.50393806483279
TCGA-FV-A2QQ-01A-11R-A22L-07	0.188167438546304	0.453060268248513	1.30707957709732	1.10759051463525	0.954945564848169	0.513508184429681	0.32257332630267
TCGA-FV-A2QR-01A-11R-A213-07	0.382511263956585	0.0679449394108481	1.33713280296017	0.319098128854241	0.0547616255035416	0.0964818857742781	0.0754764320900068
TCGA-FV-A3I0-01A-11R-A22L-07	0.747355313858762	0.712148712433063	5.61780985511629	0.650967441630191	1.45712202524924	0.176358792210688	0.165003708695158
TCGA-FV-A3I1-01A-11R-A22L-07	0.65511157279628	1.09187511131884	1.8226454938092	0.769431857455705	0.792983694185593	0.572578589618929	0.815366052333038
TCGA-FV-A3R2-01A-11R-A22L-07	0.563748927742215	0.200243675119446	0.722467468940361	0.376725003914262	0.190323703634292	0.366454505391316	0.100272507649103
TCGA-FV-A3R3-01A-11R-A22L-07	0.258863195596799	0.215115105923534	1.43689067359797	0.655671819117973	0.912762869801027	0.642824750372376	0.212956664962206
TCGA-FV-A495-01A-11R-A266-07	0.304127601339613	0.651737132267897	1.47807506354658	1.43793517989871	0.997752414140743	0.640897256879293	0.463743265268114
TCGA-FV-A496-01A-11R-A266-07	0.131948309736707	0.0230957055206278	0.216466740649965	0.765264044195178	0.0572192534831708	0.090983573631586	0.0280862121834697
TCGA-FV-A4ZP-01A-12R-A266-07	0.280235442992391	0.917297166909698	1.63068538161046	3.26271040465166	2.54532026401894	0.581624773211621	0.397589591691529
TCGA-FV-A4ZQ-01A-11R-A266-07	1.23565686005072	1.90270888438881	2.48970227549526	3.53019253216713	3.7819467743883	1.49476158454551	2.20547319192114
TCGA-G3-A25S-01A-11R-A16W-07	0.351034176700024	0.662045060046772	1.24064548506303	1.37984679365851	0.494450174286816	0.44932269630391	0.325790065874158
TCGA-G3-A25T-01A-11R-A16W-07	0.490133019472566	0.154646219321286	2.15824685797767	0.578586641826081	0.275876633477395	0.176841357249775	0.168348898646166
TCGA-G3-A25U-01A-11R-A16W-07	0.485661830986038	0.0243831638811317	0.484360403695784	0.879330169031816	0.0721461339127052	0.297702379072008	0.0871794118401315
TCGA-G3-A25V-01A-11R-A16W-07	0.67773955167071	0.625020525759831	1.36631216885643	0.521918685146522	0.526265338988104	0.486655611428703	0.387972297466705
TCGA-G3-A25X-01A-11R-A16W-07	0.571322053863726	1.68841484645011	2.41908801497385	2.53048062704301	1.49041304020544	0.801067779868792	1.11244480002042
TCGA-G3-A25Y-01A-11R-A16W-07	0.288873495413347	0.691189216916337	1.89314963452088	1.04518320711988	1.22164774794884	0.400431581206987	0.541456104508542
TCGA-G3-A25Z-01A-11R-A16W-07	0.190495968432122	0.317501652172758	0.910979058637572	0.191955104385541	0.185422108481175	0.385690000115107	0.165276714616041
TCGA-G3-A3CG-01A-11R-A213-07	0.383908083826383	0.334909345404628	0.603292533995302	0.437923247518757	0.140827467323522	0.205089902599449	0.201958251218885
TCGA-G3-A3CH-01A-11R-A22L-07	0.500697840048612	0.198940584534511	1.01782271783582	0.864380165729372	2.0404613100229	0.566036796960506	0.28154473051623
TCGA-G3-A3CI-01A-11R-A213-07	0.330329080289037	0.304073771852728	1.88205769951443	0.618957094797287	0.404386567574952	0.264904574072405	0.381650992972181
TCGA-G3-A3CJ-01A-11R-A213-07	0.149472725295504	0.0126599065435495	0.518289235647484	0.444394147762396	0.0985684149787447	0.15135269457454	0.118884679920694
TCGA-G3-A3CK-01A-11R-A213-07	0.381316168160317	1.09283277840354	1.41100783658693	1.47140079279652	1.62326811143441	0.685406606747502	1.04846674069037
TCGA-G3-A5SI-01A-31R-A27V-07	0.134434807817956	0	0.341155469151167	0.371229114817164	0.0318570849558632	0.0285092328154461	0.0166726856754718
TCGA-G3-A5SJ-01A-11R-A27V-07	0.980703004094377	1.8108166349844	1.92653699632259	1.72628630729245	1.29038501962873	0.802082036343367	1.40966625633779
TCGA-G3-A5SK-01A-11R-A27V-07	0.446771368275323	0.278749701490976	1.30276445531808	1.00392959583454	0.253835872514367	0.572608286931887	0.493667552133787
TCGA-G3-A5SL-01A-11R-A27V-07	0.197968124432266	0.167673407008457	0.5066022840245	0.174082175597197	0.0865089184826272	0.312282734903208	0.136450534959816
TCGA-G3-A5SM-01A-12R-A28V-07	0.566891926232666	0.562092476673704	1.85506115490888	0.466440596769374	0.496176886671131	0.668534366190696	0.496756454759914
TCGA-G3-A6UC-01A-21R-A33J-07	0.436681396175352	0.0384896965119104	0.374453218444068	0.433094935782658	0.0258460533005225	0.154591646322713	0.0445607331761774
TCGA-G3-A7M5-01A-11R-A33R-07	0.322530799856952	0.280619681006569	0.55409522178168	0.674289132145861	0.41903389807756	0.512771320543806	0.205036330980397
TCGA-G3-A7M6-01A-11R-A33R-07	0.407171929547392	0.518820854072876	0.938501639553798	0.757473875543056	0.563073437242968	0.346605126178055	0.746609845140125
TCGA-G3-A7M7-01A-12R-A352-07	0.0731295680116602	0.0709079221688337	0.584721135684302	0.134685792642509	0.0711042954858496	0.05120078306202	0.0787589797629377
TCGA-G3-A7M8-01A-11R-A33R-07	0.636021263109665	0.0760527891544537	1.12867083194737	0.690042963275172	0.136873823687574	0.368639499891046	0.0878709850489213
TCGA-G3-A7M9-01A-23R-A352-07	0.263466475499655	0.446704511666025	1.4691569011019	1.40021446702175	1.00519883173249	0.193770496442179	0.517858545479079
TCGA-G3-AAUZ-01A-11R-A38B-07	0.336738651969804	0.60411010176058	0.773802740580452	1.33993265600253	0.961434329483727	0.484986033208474	0.402036568928747
TCGA-G3-AAV0-01A-11R-A37K-07	0.248246704176423	0.13265470530209	0.383112001142273	0.96910745458295	0.504390787599558	0.217940108974347	0.195671344176619
TCGA-G3-AAV1-01A-11R-A38B-07	0.234225381191041	0.184762384322274	0.866564913586855	0.271827880554338	0.0365958718030437	0.280163512880265	0.127153894178583
TCGA-G3-AAV2-01A-11R-A37K-07	0.179531416975303	0.0519748060537243	0.600464081657584	0.156415166477785	0.0392652243403522	0.259781232205868	0.0718597561167155
TCGA-G3-AAV3-01A-11R-A37K-07	0.759927032472398	1.26352223313323	1.68701734405344	2.49924783621245	2.06758022698466	0.758656280443258	1.54451900958077
TCGA-G3-AAV4-01A-11R-A38B-07	0.602235717334509	0.0156570050489538	0.759799380312596	1.08427329965329	0.106480686957716	0.639264979652187	0.0695266370022892
TCGA-G3-AAV5-01A-11R-A37K-07	0.242835214044301	0.494950674008701	0.616966149936194	0.419527201040458	0.29228371714408	0.169410460928185	0.209001318659798
TCGA-G3-AAV6-01A-21R-A37K-07	0.0748672190265676	1.06240823822362	0.716496187835957	1.11444932105338	0.14209274715579	0.10527292358893	0.262085633114236
TCGA-G3-AAV7-01A-11R-A38B-07	0.523810686746833	0.69902304305614	2.47711597524335	0.581373878705779	0.463836048090398	0.46964020265526	0.457844682944298
TCGA-GJ-A3OU-01A-31R-A38B-07	1.9266527540076	1.92256421578238	4.03294698608013	0.879609817616979	1.01608503288611	2.37008771514316	1.29826444123282
TCGA-GJ-A6C0-01A-12R-A311-07	1.99910877347007	0.375202418830687	2.08150388352881	0.988743683349706	0.747146079106648	2.65091656257645	0.284805473175073
TCGA-GJ-A9DB-01A-11R-A37K-07	0.340320483067672	0.382104735463635	1.9000077063746	1.1043300304212	0.290434365624829	0.305193108611496	0.280490154152733
TCGA-HP-A5MZ-01A-21R-A27V-07	0.452446260896553	0.988139821722717	1.91828021043388	0.776146935786254	0.815127911227607	0.699757842588539	0.64759327737896
TCGA-HP-A5N0-01A-11R-A28V-07	0.339493098467794	0.0139268261660038	0.790606308439875	0.633931014560579	0.133926653285179	0.503216635801144	0.169819642512369
TCGA-K7-A5RF-01A-11R-A28V-07	0.669529279604922	0.301691730864461	1.80913851060182	2.24590393450045	0.872132678469685	1.13811060176893	0.697528151722714
TCGA-K7-A5RG-01A-11R-A28V-07	2.09578586645079	3.15360938622865	3.1391917527682	4.25268132080771	3.9718141873974	2.60405523378032	2.91344154312323
TCGA-K7-A6G5-01A-11R-A311-07	0.465910957093181	0.425396832295098	0.938411033889869	1.00907475846528	0.561878680310507	0.479356738716801	0.283685802224049
TCGA-K7-AAU7-01A-11R-A38B-07	0.7703054651222	1.06451191519941	1.80182006833773	0.764620148722128	0.635330982703294	0.367698126526366	0.723547328049545
TCGA-KR-A7K0-01A-12R-A33R-07	0.320398803951774	0.247133581282141	1.21122474698207	0.515801818138806	0.186585824670615	0.156524434606595	0.154391059477446
TCGA-KR-A7K2-01A-12R-A33R-07	0.237610028257751	0.340252531928672	0.624211602847341	0.949042263585402	0.231378774112641	0.296378852971311	0.127732187791915
TCGA-KR-A7K7-01A-11R-A33J-07	0.44349806617937	1.61138729794176	1.56991177289247	2.63243875008901	2.24929078684558	0.259920944070966	0.914320844134284
TCGA-KR-A7K8-01A-11R-A33J-07	0.568524992972122	2.05035592089599	2.58614941176392	3.11564158049365	2.70977217793642	0.902224128198605	1.25835427045316
TCGA-LG-A6GG-01A-11R-A311-07	0.422708127487685	0.125263269089045	0.554590093415407	0.126347871185963	0.0924182506863371	0.0828859395785237	0.0844340181168119
TCGA-LG-A9QC-01A-11R-A37K-07	1.26896695053228	0.218991400667834	0.48744144322297	0.447721306632991	0.178246618356457	0.258118467200675	0.110863169992662
TCGA-LG-A9QD-01A-11R-A38B-07	0.364103426706935	0.143795555141167	0.414124040195033	0.533491638490806	0.294407034927383	0.25716492389547	0.231403073666795
TCGA-MI-A75C-01A-11R-A32O-07	0.321053337812433	0.714450755945605	0.719858934303888	1.30394375735952	0.787854333285438	0.222202179003795	0.364804245467986
TCGA-MI-A75E-01A-11R-A32O-07	0.438926689294543	0.168225656372515	1.19217340517536	0.425656662374863	0.772919220508956	0.405635091727067	0.295756109393714
TCGA-MI-A75G-01A-11R-A32O-07	0.279994363144637	0.0927581909415088	0.409750893973861	0.464729461536114	0.115358751745056	0.103544052528265	0.0731413498325612
TCGA-MI-A75H-01A-11R-A32O-07	0.500214591836863	0.615032577409126	0.97872796640722	0.891608982005383	0.627087506152186	0.438140969077003	0.470711817842752
TCGA-MI-A75I-01A-11R-A32O-07	0.36698309195245	0.265947752936049	0.810483561546346	0.392611385356352	0.266636919939542	0.365893347601577	0.284242329126747
TCGA-MR-A520-01A-11R-A266-07	0.318927881523332	0.0386271703861519	2.04101770960547	0.286433335005806	0.113219014143698	0.266285231515882	0.105085812987188
TCGA-MR-A8JO-01A-12R-A36F-07	0.605570505463702	1.25605391926807	1.51050389424044	1.53506126060006	0.987568063094141	0.902558727042641	1.07142823504454
TCGA-NI-A4U2-01A-11R-A28V-07	0.298186495829475	0.106812408379215	0.685801592277874	0.660649812820784	0.0796809849520795	0.415272932373213	0.0828719456448323
TCGA-NI-A8LF-01A-11R-A36F-07	0.237927369773827	0.112096678066819	0.562972981845576	0.298433656155072	0.369268508979334	0.383160842395303	0.0904208406365216
TCGA-O8-A75V-01A-11R-A32O-07	0.248668254105769	0.301779830053335	1.37085782716191	1.1052373057685	0.670014402292613	0.625046055053749	0.38407633159079
TCGA-PD-A5DF-01A-11R-A27V-07	0.520497792464827	0.955862571722774	2.06556842508306	0.338954601358278	0.383296397676837	0.386392136600769	0.462771361180101
TCGA-QA-A7B7-01A-11R-A32O-07	0.697649555369911	0.489573499447167	0.877721358731281	1.3582166665081	0.423525720011949	0.432389453618138	0.315267496774302
TCGA-RC-A6M4-01A-11R-A32O-07	0.153134480311593	0.0736525065188179	0.22256071934164	0.379691621643267	0.0214904094087774	0.111683729281595	0.00749499107283557
TCGA-RC-A6M5-01A-11R-A32O-07	0.219502942354231	0.280667683488094	1.27729931280171	0.306045279992206	0.254699471553293	0.462974241682387	0.076049002721034
TCGA-RC-A6M6-01A-11R-A32O-07	0.0678551338326179	1.14607363250372	1.05515213271804	0.871673162502229	3.55290240885573	0.232540960155888	0.617700880854121
TCGA-RC-A7S9-01A-11R-A33R-07	0.492048250183468	0.55831102731169	0.888700202180232	2.47278022970833	0.90818892154987	0.302143927492186	0.404314556213929
TCGA-RC-A7SB-01A-21R-A352-07	0.573811598100244	0.230846041332593	0.738247929500261	0.355076193081793	0.171919900601813	0.436711817659447	0.168046516514414
TCGA-RC-A7SF-01A-11R-A352-07	0.25826822165768	0.824246003722068	0.551648747133099	1.15040206606257	0.476993914203997	0.232816721256335	0.478067828567154
TCGA-RC-A7SH-01A-11R-A38B-07	0.11014286281634	0.360431858476388	0.553772027443945	0.65466007458462	1.82768974424213	0.103266186352858	0.178502441775545
TCGA-RC-A7SK-01A-11R-A352-07	0.0913875194313427	0.160488789959132	0.246881818220369	0.784154566580057	0.101132606563374	0.0116581606026189	0.105151793240886
TCGA-RG-A7D4-01A-12R-A33R-07	0.681071562120336	2.16851131776657	2.19234292573118	3.36263698750406	2.92390205142853	0.973901143393776	1.84315529302587
TCGA-T1-A6J8-01A-11R-A32O-07	0.142483497106266	0.11611184073504	0.506268661184996	0.341924273160134	0.0938823239725212	0.201954391674339	0.0818043846090015
TCGA-UB-A7MA-01A-11R-A33R-07	0.243566177649606	0.332490578871986	0.809268890357906	0.292489214084394	0.417629676211766	0.107614323584544	0.284524746233741
TCGA-UB-A7MB-01A-11R-A33R-07	0.238362835857293	0.0255282763160526	0.39876189778302	0.326401228288467	0.0631681258500739	0.163527115931118	0.0222384897598667
TCGA-UB-A7MC-01A-11R-A33R-07	0.679301495837688	0.244977981503395	0.536824605881864	0.668700710647994	0.132559760469355	0.338241111827301	0.0373732070221219
TCGA-UB-A7MD-01A-12R-A352-07	0.611323117561318	0.708678971795705	1.74779758032356	0.778939580027912	0.588026722342988	0.710603575078654	0.389282402151075
TCGA-UB-A7ME-01A-11R-A33J-07	0.386716437541046	1.20288993285939	1.36165545901757	1.72863366565335	2.00449939337913	0.760579924852773	1.13721673110698
TCGA-UB-A7MF-01A-11R-A33J-07	1.8371390104974	1.45223525385175	1.825972792792	3.90497438436275	1.89811194734463	1.38208667436601	1.38490872207813
TCGA-UB-AA0U-01A-11R-A38B-07	0.543055354688289	0.415012092512344	1.63798774363364	0.605876314900183	0.456760454807287	0.836220667499651	0.261680377743358
TCGA-UB-AA0V-01A-11R-A38B-07	0.847943546902992	0.225687378541515	1.08759648039541	0.858581433377731	0.319838653188172	0.674001892863865	0.294762334956199
TCGA-WJ-A86L-01A-12R-A39D-07	0.547715014106578	0.185041376250943	0.963776583610475	0.464396079104662	0.158497899877288	0.723435648334389	0.169378184301441
TCGA-WQ-A9G7-01A-11R-A37K-07	0.0813255726306622	0.207276885485459	0.834144766724568	0.484916209634124	5.32461035258374	0.0358800442023362	0.0755693883265595
TCGA-WQ-AB4B-01A-11R-A41C-07	0.287857149254356	0.377991283108733	1.1939323899762	0.589411444300175	0.118789269921468	0.140498994286729	0.143070997098502
TCGA-WX-AA44-01A-11R-A39D-07	0.372294257198151	0.744658872367486	1.60080617778077	0.634107652634132	1.27215028285874	0.312940279098329	0.19040346428508
TCGA-WX-AA46-01A-11R-A39D-07	0.73074377067194	0.0989529393928114	0.878773633353458	0.692104355754977	0.108781529982158	0.623819706485108	0.171236597918807
TCGA-WX-AA47-01A-11R-A39D-07	0.281474912407411	0	0.412091125428615	0.0645051018337251	0.0158072000155593	0.0828201703658507	0.0109907517284069
TCGA-XR-A8TC-01A-11R-A36F-07	0.222434693723448	0.162220588909202	0.448671832770867	0.967400596530342	0.140512382555117	0.105945868614109	0.029573975280794
TCGA-XR-A8TD-01A-12R-A39D-07	0.86332112087276	2.0304901811061	2.97557410793549	3.08469643814429	2.71135587454213	1.11265951653954	1.34086485029454
TCGA-XR-A8TE-01A-11R-A36F-07	0.825263678569722	0.223004619476527	0.640587500591274	0.761947599432047	0.26655045006121	0.211300621078163	0.0262661933010585
TCGA-XR-A8TF-01A-11R-A36F-07	0.447273019195689	0.678719615156319	0.641453103218881	0.706886946292532	0.805569845543069	0.343969221164845	0.22580445694912
TCGA-XR-A8TG-01A-11R-A36F-07	0.659363465787852	0.296366582260228	1.22611562714167	0.263987585002233	0.26580539427514	0.220467559341359	0.297438720792594
TCGA-YA-A8S7-01A-11R-A37K-07	0.547206286122736	0.943307964806972	4.44601078423031	0.82236704632664	0.893248208659885	1.22720656121271	0.427499309792688
TCGA-ZP-A9CV-01A-11R-A38B-07	0.818979181371457	0.374229334996427	1.16759889710785	0.581009071780595	0.420025620330031	0.714385872624466	0.253303512733006
TCGA-ZP-A9CY-01A-11R-A38B-07	0.420575262783365	0.0260464866867964	1.34379785237549	0.952499739349079	0.064433543202466	0.526999976023741	0.0972729494704103
TCGA-ZP-A9CZ-01A-11R-A38B-07	0.651102252854882	0.980687944832972	1.71002501563098	1.48216805695661	1.1036870925308	0.803489684055436	0.887934770166931
TCGA-ZP-A9D0-01A-11R-A37K-07	0.123502201558708	0.153898448785242	0.388310737547614	0.944934704974894	0.0613196237661227	0.217861656313993	0.088538635458613
TCGA-ZP-A9D1-01A-11R-A38B-07	0.34748446440044	0.667769087768961	0.855022825426346	0.342017502547889	0.32703570047602	0.522724241956404	0.273100684595758
TCGA-ZP-A9D2-01A-11R-A38B-07	0.36906263025278	0.435120945036441	1.78852086601792	0.654067376217922	0.756704709693849	0.489151222902782	0.361699426842951
TCGA-ZP-A9D4-01A-11R-A37K-07	0.440993163712649	0.0739831773730353	0.643450906761325	0.234414696897212	0.286724574102612	0.258859965348316	0.0518989313433556
TCGA-ZS-A9CD-01A-11R-A37K-07	0.186828753820971	0.277502564682733	1.02781563321034	0.319391762390871	0.304611419445466	0.214253677242451	0.0922750691611938
TCGA-ZS-A9CE-01A-11R-A37K-07	0.526274960456256	0	0.132042163105079	0.700570582500676	0.0585124823848065	0.768054945082287	0.0307577953695067
TCGA-ZS-A9CF-01A-11R-A38B-07	0.718276266730383	0.640921921804976	0.84363941049006	0.457118724469177	0.260590837241276	0.282478531631221	0.30645423185164
TCGA-ZS-A9CG-01A-11R-A37K-07	0.519561227200919	0.132980775416506	0.76515773054327	0.231624629447353	0.183408302872258	0.419605287664539	0.107415115619551
